12364,1709
23740,4467
26420,3605
15413,165
24006,5151
24711,7485
1752,6910
27562,4960
26048,4016
29238,885
25707,7632
1565,84
29879,9188
25676,3405
26829,9120
25707,7631
24949,4780
27390,2853
25567,8113
21209,9102
23965,8821
28640,4672
13358,14708
10482,13594
25038,8660
24796,2636
24897,665
26420,475
11544,11644
25494,7592
24095,8343
7527,7533
10068,20921
26445,6754
11462,2077
1850,22437
25246,8180
24362,9012
27105,3330
25933,8162
7576,7728
25933,8163
23704,862
3171,4579
13317,17300
21868,8473
26009,3973
27325,6692
25744,3174
12884,6884
27978,3971
26074,6991
28321,5931
23922,586
29903,992
24336,7181
29209,9180
26535,9122
4628,7504
4628,5569
27874,4215
23985,6904
28037,8945
20902,9523
29706,7181
29855,4593
29941,9473
2222,9444
1415,8588
22023,550
29599,3030
10846,5000
24704,5156
20743,9378
27219,6536
24704,4068
26054,6020
25422,7093
5390,7036
26368,383
28536,4055
29689,9138
26485,9753
24747,7709
2570,5868
27592,4739
12029,18336
24609,3062
29972,8628
27592,4738
13159,3410
16554,741
25744,4000
14160,21861
16519,429
26657,8795
16457,902
1415,6191
25052,4058
25855,3671
28084,9009
10541,20934
25227,9038
25413,894
24440,7351
29193,5007
28178,939
24673,5343
26009,6197
29369,9425
24280,287
24747,4209
10661,9774
14586,6406
3171,4127
8006,8777
29123,3353
13877,8327
10846,8549
16832,4674
12029,18328
29445,9357
29438,911
1509,5949
28966,55
24095,6364
20967,4637
27219,8737
27312,2780
23712,8598
26048,3594
28125,823
29664,657
15773,21914
23502,3673
26352,4399
23786,7953
14519,5447
3250,9338
21944,3757
29486,4900
5523,7961
26711,7368
25744,4063
27312,2779
24514,8401
10564,10884
27002,3226
28218,5667
24198,335
25744,5154
3748,9838
23845,9324
24711,9605
15413,9155
23957,9909
26054,7160
23922,9760
10909,9825
29725,9364
26633,8172
29904,9397
24220,6803
29066,4349
3599,9129
26633,8173
24440,7371
24789,9568
1896,20155
10574,11634
25246,8178
25246,8179
24747,6646
24999,9680
22461,492
25791,7798
25042,6768
25791,8882
25066,836
22498,2654
28377,4524
29608,9441
10024,390
10846,19739
13230,4264
6597,9155
27878,6937
28528,9129
23132,6141
26532,310
28404,7586
27816,9024
25872,5038
29303,4551
25879,5182
10290,7554
29717,8431
3100,9862
25249,9040
7527,905
24789,537
27035,6385
14282,16985
23877,6484
24006,3377
29787,9236
27709,727
25311,2942
26817,3927
24621,3727
2237,9723
11442,3092
25744,4898
25791,944
25286,892
24167,7947
24368,2450
2237,9722
26782,8874
27152,5532
26410,3034
24322,9103
13484,3723
22397,6280
10327,472
25175,7359
24789,3203
1338,8515
1896,8828
8984,9067
26157,323
28080,947
24415,8425
20891,5610
26499,5872
28641,6734
26351,6238
26589,877
25322,9131
21944,3558
13771,331
20891,5609
11822,6268
28430,4741
26095,9960
26390,5288
26432,7681
25241,5338
26635,8967
24893,2955
1503,5472
10290,9519
24893,2957
27438,5127
2729,3412
24893,2952
24893,2954
23656,3201
1636,4939
24378,6579
16386,2269
1247,7612
24198,4055
24940,5727
27623,6100
25716,5505
16832,9503
24136,9654
16751,21126
24440,6087
26410,6565
14519,21230
3883,7057
29321,891
26420,2906
28444,556
27825,8455
16542,23055
12796,17603
24440,6094
12298,14302
3757,7915
27623,7420
25503,9983
29941,9885
11837,5879
25339,8970
10927,9999
27725,386
10327,5008
25904,8279
26436,9373
1760,4555
6572,7755
28005,9080
1752,22413
25459,7420
2429,4402
26480,4706
27640,8781
1712,5973
23791,9619
29438,8361
29438,8360
11454,16332
26082,6901
24435,9115
24991,7082
29486,4979
24435,9114
4623,5392
28215,8403
1896,7538
27004,4507
25771,5112
27133,4288
25459,6100
11145,3516
26576,3679
11145,3515
24940,8810
26424,475
24198,3153
20891,2783
25187,8312
29838,3030
25961,835
1786,9654
11123,2593
26112,3143
24182,4028
24280,4471
24667,5333
23983,438
29133,9662
23623,3493
25225,7551
14697,6949
1339,6205
1339,796
23639,2397
10307,13950
27852,573
2749,4344
2242,6213
4551,4806
4551,4807
2297,8623
25156,6823
4551,4808
10442,12913
1752,21770
12154,6487
10988,19367
27220,8794
22498,4677
29187,9385
24493,8939
1752,9574
28808,9799
26351,4279
21021,23186
20967,23342
28231,2902
26426,475
6134,8542
27918,608
12884,7118
26426,7248
25247,7772
24360,6287
26480,7192
2256,493
1946,5976
25814,5448
10764,8741
27322,9004
29265,7783
23783,8955
15029,4812
15241,22377
10084,266
26426,3605
16904,22055
29838,9507
11442,4345
25744,2876
21248,23547
23740,3804
26422,7096
5081,5324
25956,7738
13328,3293
25673,6626
7437,7544
26368,8067
1896,9513
29302,4509
1768,2070
14048,4792
25062,6111
25042,653
29336,755
11291,7342
28817,6143
27875,8643
23708,8895
25444,308
10261,332
27860,6767
10327,3564
27453,5520
14802,20026
4625,8672
24017,4427
27250,3593
28670,9882
4625,8673
25125,879
26539,5202
25311,4197
27339,9917
28687,287
23930,3523
10622,1988
10701,1479
3719,6120
29486,6416
28865,9218
7730,9305
23677,8948
3355,7595
11704,235
24187,4975
11941,7642
28094,857
26532,3310
12298,13171
28810,7955
27822,9569
27665,4076
10528,746
28218,442
26048,2995
26563,6171
16519,7933
23656,9488
27315,6292
28779,5416
24053,6541
24108,8614
25662,6612
24967,7079
29895,5607
26782,855
26428,881
26649,5698
14231,2487
26401,8438
10093,6903
24704,6733
27205,8444
7964,9189
3738,7590
29073,7571
25725,8177
26532,3962
14756,18744
22397,2576
26740,372
24966,4310
28005,4591
21838,5579
28779,5442
25502,5114
25501,2766
28005,4592
25501,2769
14395,1642
22498,5108
25097,9806
25501,2767
24057,854
27765,6323
15106,7269
25042,2826
29239,9831
11075,4664
25683,9322
1752,3177
28909,5114
1636,5998
26350,5490
3744,6045
1696,23494
5523,9588
27646,657
26410,702
28076,4471
15413,15548
24995,838
29838,381
26009,4224
20967,6136
28687,4471
25879,5313
25843,9016
29501,561
25843,9017
26888,8463
24893,4777
28909,727
25051,7702
2168,7700
25318,5163
1702,4880
6134,7725
28998,7150
1725,1895
24893,3698
1896,23081
1045,7144
11853,17994
12599,5073
2664,5779
27066,7482
1434,21674
27870,6016
10084,14867
10909,8066
26419,2906
10687,10839
7916,8279
14228,2040
26469,9753
14556,3334
26505,7759
24700,942
29000,4593
23719,9243
3627,9992
26736,4055
25508,5644
1946,9630
26097,950
25310,6470
28918,9381
15021,17938
28430,6364
24479,5475
29599,9507
23796,926
21447,7089
29785,9236
14340,1644
25501,727
14928,23116
14644,18274
24733,5036
25636,648
16541,3002
28045,9953
23196,7890
25337,6687
25521,7490
26736,3153
29664,5067
25632,4046
26959,635
1364,6677
11669,17038
10622,11187
26694,896
29323,5533
24499,7472
1434,2825
23912,9457
21334,7457
26484,9753
25042,5065
27315,5108
29992,7671
13540,6211
13540,5367
5484,7098
24445,884
21230,309
24434,597
21210,6593
27203,6766
25238,5350
21096,7305
24019,9474
2146,9796
10393,1687
26082,7739
25251,4539
26553,8243
1936,5301
5001,9857
28536,335
26786,638
26082,6643
23754,9123
24278,9195
26801,551
26805,5348
29336,8156
1434,8345
4628,691
28436,7124
29474,8390
5960,9809
27620,8144
11291,8006
2652,7215
23795,5352
29336,8155
25502,727
28262,6303
29093,9984
20780,4097
26424,7248
29827,7136
27438,9272
27006,8856
27523,7616
25791,7627
27410,3255
11822,4789
21934,7638
25791,5203
24704,3622
28144,3796
26480,6322
22360,2462
22360,2463
13011,20244
23648,5507
12474,9940
27251,8983
29018,6963
28430,8343
25442,4408
10327,21983
29557,6672
26024,3839
27343,5113
16922,6201
28099,7648
11864,6173
28076,287
7960,8125
27646,8028
23708,2480
20790,383
20891,3062
27725,6213
22711,5485
29196,9221
26156,9789
27859,8359
1752,208
25444,8164
25444,8165
1434,23433
1792,4944
24995,7478
14034,5417
25855,4234
24701,9719
1598,6260
10837,20593
7099,7357
27273,8957
1896,20441
27273,8956
25294,8831
29290,3067
16347,5816
24254,8539
28300,6304
24440,7529
27840,7613
1434,21288
24167,4069
14525,2228
25524,5732
27019,5902
25054,7747
24379,598
24499,7241
27442,454
29463,9454
27002,4507
2453,599
24440,7530
12997,14217
25226,3909
9209,9847
25567,6513
25802,4607
10989,17304
25547,819
27004,439
29090,5763
26429,9641
26351,337
26768,8996
26768,8995
26768,8994
24458,4418
29073,7720
22498,6292
29458,9522
27442,3146
25065,5339
27251,8982
24918,6037
10909,16766
24918,6039
26095,907
28156,4505
13241,9866
25862,4101
25050,5503
28437,9879
16223,373
28377,5705
23796,8853
23839,7210
10989,8000
27028,46
13362,1716
29123,5462
14178,14744
26424,3605
24477,8465
1153,23457
28078,9949
23732,6582
29788,9236
2491,9569
8176,9797
1372,20939
12997,5050
28260,8459
1586,18524
27639,5971
2286,6121
20790,4225
27066,4976
25564,4037
1136,1949
2442,2989
1415,7110
24789,2873
14596,23359
25158,4963
25158,4962
23956,9339
24386,6469
27002,439
29599,8825
26842,5632
12544,19713
16569,18061
26059,4162
14063,22163
6597,7915
27442,6239
2242,5411
2570,3307
10072,19928
26419,475
11075,1747
11454,5044
29266,5069
24893,5248
10846,20822
26134,2848
14434,16876
29751,9303
1786,19745
24739,871
23652,5465
26702,4753
29664,3298
29727,3425
28968,7729
4698,6480
3757,9155
29021,937
24882,4592
24882,4591
25657,6818
27899,8577
25524,6747
6962,7200
27028,7635
13467,21117
25424,3142
15273,17484
6555,6562
10927,5660
25744,7862
5483,9956
2524,9728
24789,2836
4204,6037
29940,9071
14714,17700
25511,8543
29940,9072
4204,6039
26368,4041
25502,2769
10988,19443
27183,5316
21334,8005
26088,7116
27649,7425
25225,845
26515,5870
27219,7500
5436,6849
15773,20919
21943,3757
28946,5713
26498,5872
14195,2500
11214,2702
25791,9005
3049,405
12298,13736
27315,4677
14163,4152
1752,21041
22183,6161
14032,1987
14037,22042
13241,13251
25305,5041
2570,9052
25606,2931
26023,3838
27767,878
25606,2933
27211,5350
25606,2935
25606,2934
24949,3134
27822,6746
24684,5249
26048,5416
25651,828
29879,4408
2570,5939
24893,8326
25501,5114
25502,2767
29438,4965
25502,2766
24990,7082
21073,9356
25424,858
4276,4316
24322,5460
28808,5216
29744,3296
27665,4533
1752,2883
25861,8452
10622,5609
10943,3837
26638,3850
21838,3961
3419,564
25933,311
12796,4397
2077,7458
10687,683
26082,7701
29608,4097
10622,5610
26119,899
1374,1405
29973,8629
22683,7658
28135,8306
1778,4104
29193,3198
21616,816
28810,4093
25622,9945
11859,13629
25049,7213
26048,5442
26368,8670
2341,8771
4055,5988
25353,8488
12346,9855
12346,9856
25636,7159
24454,6147
28779,2995
25567,5141
24022,4116
27725,8456
26410,2960
25569,4653
10294,11096
20820,23509
27312,66
24906,6016
13778,18753
26575,3678
23965,3255
16320,17580
25423,7070
24544,2589
7820,9733
14395,18303
7820,9734
21943,3558
26410,8272
25726,956
10442,3352
27740,4142
13574,5325
24993,5793
29186,8940
11941,7282
26789,9136
25818,7625
26561,7388
6021,8420
29745,5504
25420,3059
1760,21694
10622,3062
27099,4729
11038,16545
11038,16544
7203,8354
14979,20931
14905,636
16876,21044
21616,4216
25186,9674
29369,367
27646,3298
27769,8443
13487,6039
3744,7205
28283,3242
27623,9755
24700,3140
27725,8276
25101,8977
15413,17482
25128,8943
24500,6053
10909,4042
3879,7212
28482,9764
24249,9154
1794,2561
26486,9753
10541,19867
3744,9873
2491,2785
26839,908
25787,886
4614,8710
26390,8436
25744,5
14566,9199
23719,3160
28184,8935
29221,5334
28875,468
2286,5414
28442,9595
29075,7312
27487,3923
2448,5085
28808,3702
24282,9135
10764,6495
11493,13915
1113,351
25065,6915
24036,5646
26401,5337
29472,8502
29342,727
26549,888
12298,2560
26481,76
25985,8913
25985,8912
4124,978
4124,979
24700,3139
22483,2447
20790,8670
29838,5757
24700,3138
24700,3137
10171,23295
24700,3136
24893,6194
4124,977
12741,14124
26420,7248
23922,7431
23922,7432
28146,3797
12036,3349
24280,6752
27207,9011
25096,8829
4623,6119
29407,4218
27035,5128
26616,9597
10625,23001
3171,6264
27822,2785
29461,7493
10574,11337
11837,5945
16832,3069
25438,4231
26504,5882
4124,980
23698,9621
10550,22388
1760,5776
28173,5668
29599,5757
13256,1437
15390,7232
25371,2602
26368,4225
27328,3918
25765,5336
23795,6186
29426,9010
25358,4407
1794,7811
25637,929
27264,8997
15413,7915
25761,5727
29342,5114
26059,3427
11941,6807
27624,7425
27219,2908
26737,4058
27048,6804
16222,22918
13982,21329
23656,441
29890,4831
21371,6576
26410,9509
2430,7073
11291,8719
26597,8965
24704,8731
3879,8559
23656,4453
16701,19538
14644,1502
27789,3449
27926,9172
11822,6192
24701,2558
20790,4041
14979,5691
25187,826
13721,8661
15255,6739
24793,6618
26009,4994
16832,6556
14812,21371
25576,2573
12483,7812
10528,9544
20780,22202
3407,3791
29123,9871
2442,7383
26426,2906
25459,9755
27734,5658
1792,3075
29838,8825
26419,3605
5956,6036
23693,6595
5847,6151
11195,1692
24704,4383
2710,5252
10224,982
10224,983
1792,3073
1792,3072
28310,7634
29992,922
25802,2998
13988,2579
1462,9969
10290,2146
25761,8810
11870,8056
21268,9711
22498,3074
24893,611
4125,6280
25784,3439
11681,22013
25442,9188
13909,2048
24451,822
1434,17094
21326,7662
29129,4029
2762,4249
25042,7193
25042,7194
27746,6223
25524,955
29374,9007
27084,8696
11352,2719
6597,7235
6597,7234
24053,9704
6597,7237
27442,9196
27650,7316
15089,21632
26054,6952
2491,6746
29935,3300
15413,15468
25422,809
27102,8401
15413,15467
28573,4887
27709,5114
11442,2278
25091,9652
27066,5399
24609,2783
1010,5306
27004,3226
29599,381
2442,8822
27220,5350
10224,9092
10224,9093
27660,9691
27646,2815
25294,5040
25313,897
29486,5692
27447,9222
29486,5690
24050,4426
23966,7673
2242,8276
25869,5502
27715,3944
29443,931
20790,20955
26869,5032
13667,19412
29443,9058
2806,6983
27106,5023
24332,8979
2146,3732
15413,17438
25645,3812
27639,6363
28188,313
29443,9059
29303,2961
4247,9628
26976,4148
29569,9014
14428,14587
16551,3052
2842,9710
28206,3809
26387,8371
29925,9565
3100,3716
29405,900
13269,4099
26415,7286
27725,2781
13565,23098
25661,3166
28779,3594
25879,7875
12900,1433
13540,7685
29899,4613
8476,9829
2664,4558
10574,2468
28076,6752
14697,5911
24396,7643
26465,4220
1547,20067
11123,17762
27133,3483
14644,3669
24500,7472
21210,23424
24595,6863
24414,9383
26423,8302
29644,5728
23866,4916
2242,8456
10764,1380
20780,384
1559,7852
27006,8301
25409,5906
1792,458
24944,93
10846,11478
25193,4406
24882,9080
23602,6785
1579,1718
11280,12711
13269,22211
2146,7063
28446,9972
29620,4056
23747,8903
29932,9022
24609,5610
15773,21246
2242,386
24166,7573
27840,5155
3407,5688
15427,8607
25863,9579
23797,7387
24006,7837
26920,6648
15394,7204
1057,17501
2641,5817
24949,6199
11728,17837
25709,3135
27712,7421
27712,7422
28042,8445
26009,7621
23719,330
28779,4016
24095,4741
26559,4966
25558,827
12796,3633
27712,7423
10927,9547
1050,23570
1792,18331
1434,8265
29924,7280
14457,3938
10687,11800
23647,4883
24995,8864
15483,4438
24609,5609
27390,4315
24500,7241
26350,5590
25744,6902
27573,8685
24920,6811
7813,9347
27646,5067
14455,9445
26419,7248
1752,18532
28687,6752
1559,5223
22411,7170
26410,7502
25247,7932
28078,9183
25042,6095
24024,928
3627,4363
1566,9988
29376,7698
27489,877
29789,9236
14979,8022
25337,7894
28536,3153
23719,2981
7390,9083
26736,335
24071,6519
29715,4066
28437,3127
26934,8080
25042,9538
24076,7677
13936,22726
2341,8666
26532,9596
1752,4342
1045,5987
25437,8802
2242,2781
2260,9208
20780,9441
26065,5025
27814,9084
10622,2783
28300,4686
25513,9393
29935,8161
29935,8160
11829,1540
29806,8486
2237,23574
25614,7548
28260,9175
1518,2425
26481,6509
25614,8878
25614,7549
7099,8772
23955,9463
27133,4942
26794,9125
2430,5658
25042,7378
13241,258
25985,933
25025,9119
14950,1690
26424,2906
28808,8824
27076,8335
25042,2926
27211,8794
28808,6409
24167,350
1434,2928
1096,22658
24827,639
24006,4924
27410,8821
25354,5641
4055,9632
2127,400
27725,5411
3757,7234
3757,7235
28010,9230
3757,7237
27734,7073
10290,22105
1518,4868
27840,4001
28136,6366
15965,7768
24858,2616
11852,61
1434,651
15413,7234
15413,7235
27066,837
15413,7237
24140,8996
10497,22189
20929,8701
20790,8067
13672,5810
29550,8332
29980,4839
24499,6053
23656,8489
28759,832
23977,9214
27315,3074
11093,7974
26423,952
27878,872
13784,20405
25374,9220
15149,20261
1775,3519
24789,5024
10171,17350
24747,4978
23674,6791
24140,8995
1309,3156
16922,5241
24140,8994
26054,5029
2228,8761
27453,3005
26754,903
25725,2587
2681,8960
14457,15056
26699,3781
25478,8336
16347,4603
27998,8942
15454,3457
29664,8028
26263,4539
20955,5035
27711,4709
25517,7733
25756,7443
23661,8399
13996,267
27217,4082
25684,8024
11271,18518
13490,14103
27390,4949
25577,7665
25048,8985
12029,1658
25567,8814
24897,8104
27814,9055
3743,3898
4628,5755
10622,13420
9301,9789
26561,8744
1751,6448
13928,4617
29644,6698
25238,8794
25311,5750
26928,4971
7158,7160
26753,5639
24675,8605
29608,384
13785,5218
10622,13419
16824,9938
1600,19883
29264,3107
29056,4361
24187,904
