12485415,8681
12465881,27489
1561576,6124
1656816,3792
22725967,26376
13242394,16381
2145644,21772
26519750,27735
39486666,4461
30873608,6712
21850939,9418
1138363,12254
20777908,26351
2526980,8197
10010843,5447
10219900,4147
1833803,2842
16350187,20902
16681394,8342
4337024,6961
2348476,7876
13049795,14954
10368178,13762
1311212,6557
3267032,7131
14485966,21465
5606651,6777
20712785,24827
11502459,7103
22449744,5910
1523330,22190
2443153,7649
25757144,29542
1247566,6413
12416498,14805
2146505,5646
3012311,4888
2006618,5896
15605223,21117
4574235,7224
18148179,8476
2140666,26736
1323387,8040
1189090,4745
17600971,21384
2320275,25192
2442015,8873
4064898,7043
1548708,16436
24204779,28013
16614340,7460
869691,9502
20885022,21061
1717800,25744
2013342,8907
14656427,23472
17256768,27137
18158394,20727
22331677,25791
19652670,22680
2529613,4898
4041632,6909
10326790,12592
2287481,2941
26106557,29979
26202204,28031
12453221,7523
1730073,5872
17369566,21676
10511660,1875
23666304,26624
10569348,27026
13599117,20973
2632144,8105
24181982,29488
2474662,7760
27122295,9982
3260011,8733
1354139,15573
19881100,25063
33952595,7334
32538576,8639
17705611,21631
18169786,24995
10168902,7885
20482536,24893
2487346,6426
1264670,15322
1422170,4410
19582513,20741
17601372,20714
1562965,1690
5070585,7586
26883244,28012
2561631,3015
21226029,21634
22115660,25766
22861694,25961
17753232,23596
2509139,7723
12295521,22108
4933820,7975
32242633,4125
1895358,20982
19874662,25203
14932835,20804
1951694,4946
16288423,6202
4044473,4770
21251331,26789
14870454,2434
4074781,8270
6211097,6455
1341689,15864
23508907,27723
3006007,9546
748893,9051
11168349,21365
15226533,21009
1485658,1858
4263518,9533
10286698,6134
18955857,20992
15318145,5500
15865401,22987
3312055,4434
24282704,25209
450226,9570
14647422,6400
21852581,9252
11692388,6218
21938498,25565
17622966,21632
14964007,6644
362641,3724
15321529,15402
440547,6782
13808189,21368
16401301,21373
1179733,3570
15321981,22133
18955248,9405
1137963,3841
16491941,20953
16184692,22845
21413988,25250
2165135,2726
1788990,3771
13393786,20986
1882919,5607
7140266,7382
3110199,7916
15321385,3280
2093352,6106
23709308,27199
22988919,26450
1467395,1605
2918560,6682
2293827,7172
22132698,25657
89271,9045
18604234,7960
2041006,2333
19855868,20935
2335900,5293
10674778,5278
327234,9037
24162682,26693
13362612,21120
21747233,24354
10258564,25364
2242229,24793
24005987,27952
18696458,8187
11828967,24916
18946810,23460
2018124,4905
2773842,5558
12543416,13691
12264737,22411
2076914,26504
13369421,20937
1110048,15684
1900748,5554
23543392,27130
2562910,7605
19346932,4309
1451004,1552
2157627,4511
18626979,23728
17104269,21562
11740250,26193
15479709,3807
18835668,23987
20537032,24711
419271,8985
10699477,9100
1168378,3093
1132936,2290
12066295,4292
7330701,9709
22726304,25572
13279062,2796
29222301,5581
12558743,7658
12360576,22139
10200845,3738
12112205,15298
419271,6336
25933601,28333
206199,7852
1898799,5295
11389899,5023
27665197,28536
4141400,8563
6767633,8459
3135609,9203
1223840,2430
11679041,12912
11139384,20829
19767689,5351
39851534,7617
3539747,9592
10168895,16507
1311805,6505
11466765,4542
20579379,25113
5298875,8232
21532624,23282
18148179,3650
17056690,20878
17380293,1747
1191771,1442
13804577,28415
2977349,3198
30865892,5175
398631,8985
11825742,25862
408101,9101
11628542,1628
4887308,6967
3750697,5781
5861860,6836
23450893,26465
10257680,9926
2366609,6143
6321114,7301
18733617,21649
1444974,2238
11170896,26118
15521944,23961
20773155,25235
4085547,5444
11786470,20772
17052816,20867
27665197,8145
4041513,8177
10176012,4047
1870044,6171
3887477,5266
2511634,8923
15837633,21768
3251816,3892
11766318,8182
10701029,6411
22780867,26390
15364151,21255
13115980,13600
1671466,3193
15364151,21254
7021780,7778
4427339,9851
2731653,4560
1514653,29418
52758,8825
19668,2037
15191891,23796
35228872,5834
25170509,9948
14385771,27102
18946810,4866
12029656,24124
4125397,9387
23923640,28442
2835709,5753
3331487,7157
3413479,8250
15574839,22771
19286249,25739
26641139,3757
1107877,9364
20467890,22855
23916503,6252
11380820,2430
1972259,8720
11660654,22432
11262281,23351
2619764,5312
28661103,29581
2294325,4036
10570578,25331
22461726,25733
12811677,2658
15842171,2532
1318410,14178
10761575,9911
24072625,25668
12235476,20951
1800683,3936
18722763,9109
15413176,21633
26563972,8219
26903674,4542
6690962,8703
5160400,6632
2879430,3298
25786589,29753
497525,7120
3637242,6732
21394399,22239
1033264,14058
12360099,1700
1747573,9343
23048153,26801
23105534,26620
11462041,4738
11010005,8476
17055878,22888
21692140,25424
1526351,5115
11495977,24609
34139535,7469
100062,2931
3101963,3681
12187248,21004
17146998,20908
23410265,4310
14828134,21197
16602895,2881
21037665,25034
644006,6567
4670943,9095
1268445,21821
20367728,24309
3090030,6233
19173382,29251
30861525,6295
18553836,4368
19570308,23985
17447188,24122
16015876,22129
4745362,5888
1925514,6428
17601604,21140
1578086,22862
18268342,22720
1445554,3864
3956260,5981
305596,3594
1478604,22457
2146414,6250
22364201,5003
4965254,5958
10550623,13470
4811106,9263
21804414,24816
1995538,3479
1563401,24789
1033500,14869
1158380,14103
19910324,27576
1401674,1823
8728499,9046
2194071,23103
1563589,8655
20111312,25187
3433852,3650
6391579,7440
706209,9441
24068322,27896
4728620,5869
10509931,14324
16605728,21636
14124435,22282
11815036,14295
24232413,25637
14356272,4589
1521610,2308
2848636,4551
16724764,7870
12171158,4031
17764507,8515
15056071,24801
17883949,20746
14891364,26439
2619358,5063
5090608,7060
2652402,3371
12279233,3980
2890862,3317
1645778,7638
13116957,26867
10384511,13453
11239006,21383
3002581,9987
22818053,7086
24143415,24244
2370631,7813
15873474,21951
12112205,14855
2080734,2951
11010005,3650
15943736,20781
491663,7711
16756941,22340
5230600,9922
17786658,24384
4990759,9146
26914581,27698
440994,8284
17014402,22888
18454982,21109
18429535,21509
11630141,29369
13336570,2549
16720236,21025
3247432,4389
11603511,22176
24336800,25484
22034726,3364
2176065,22069
2373152,7804
431299,6132
1983042,7498
4240760,5944
22879602,26087
12852326,16326
2616509,9458
2851826,3082
11692758,27717
2054324,5664
22697824,27711
10921077,11754
1351932,7212
11437209,20987
23066512,26839
19847362,21045
1788428,7284
29320204,6454
7257960,9446
10905564,9235
1025819,26410
15307575,22337
17642793,22336
15307575,22335
11160128,21393
15307575,22332
1207920,16228
2692076,6816
20211577,21149
4047143,6922
1115443,3731
13586373,2770
22660442,27247
17945862,21086
11455272,14098
1692043,2523
1196931,3153
6040384,6594
15307575,22329
1326466,1484
23005253,26699
15307575,22327
15307575,22328
1048232,9780
24194826,8458
2173625,9497
13673554,8632
2422910,5431
2908703,8142
19369663,9476
26187471,8312
2146729,3757
1742661,8894
13361222,3346
13351653,21447
25280226,29336
2916621,9966
22977901,26549
23531280,4859
27548379,29238
18165402,3707
12298407,3146
22709913,26014
2140666,28536
3596751,4921
5284566,7087
20026683,22024
15364151,22546
13331329,23173
2605370,8438
2140666,24198
22150728,24102
17713642,25725
6136065,8209
24196785,5343
20084279,25215
4640833,6405
2043233,9281
24728175,28474
7167950,7385
1119794,16009
10788462,13447
10244031,14865
26163147,29895
364952,5005
3187538,3228
2711305,9896
18916752,23356
19622236,24073
1663525,21383
10077676,14109
36548872,3780
1966504,5153
1168378,9177
2613737,2707
2114077,5678
16857265,20715
1863248,7222
23087358,29063
633776,8121
35196860,9792
12899801,21486
2668409,4979
40760320,6194
1981163,5659
18407425,21544
16632623,20952
1948349,9338
10176505,1819
18148179,20832
10451666,9980
1159667,8878
3154351,7262
38835221,8564
19241055,23791
1025523,6358
23067219,26835
11139384,2094
399409,7067
19703155,22693
15609885,21589
355914,8292
1171033,6390
16734664,22343
23487170,27177
1048583,3563
1469841,3087
2487828,8806
23816664,27236
1220173,15341
22118674,25651
1049775,5129
2613169,4050
1073568,11793
4039865,9631
25415094,29445
15774601,20957
662987,7863
1486980,5346
147941,20974
5018335,5927
1118319,7701
11191409,13568
5673419,9285
10851465,27995
23267946,29703
5354097,7811
106289,21595
3465468,5542
4942176,9185
11219773,3180
5606657,6097
15175465,21746
10400226,14278
1332880,16620
3758981,9981
1387025,1961
12983160,24743
16180150,5762
3469160,9297
2606382,5113
18930434,23461
1305298,15952
18433240,6235
27304697,28192
408407,8870
6007454,8304
1239060,8728
1110158,15647
23047813,26786
1592884,3857
2827238,4583
1750123,23866
15168470,6220
2146430,8100
2379425,7664
2275286,5101
14421816,26754
24417659,4085
10228508,7669
3084764,3779
15364151,20876
20457035,22207
2930922,3776
2173736,5113
22465524,24330
3064467,8098
16234901,29010
4382925,7914
2368926,9596
2526129,6301
18338283,26501
19082227,23757
1564842,9690
10490112,23536
18359592,20996
22836033,5826
25533143,29073
5599513,6499
4044257,8018
22304522,25090
18461881,5994
12417693,21328
15897295,2094
4398267,5402
23456149,27272
12264737,22356
1645437,16716
18136358,22912
2606382,3384
11054847,12049
29819312,4973
2145318,8306
12554174,6885
11965708,1309
7125351,8476
2224597,5639
1150156,7429
16724981,20905
24861894,26616
12600412,21062
27686808,9537
2013135,8306
2342260,26157
11907702,14465
52753,8825
2008127,21192
15873474,3259
3875251,5372
455799,8759
2081640,9259
2342507,25678
14700190,25452
3738566,5658
34609223,6102
1256944,5507
6747536,9268
11202008,3818
1353242,16074
13793751,16634
27722348,3166
38769353,9291
4141400,9111
1784922,5625
19014712,28444
2106669,9463
18711188,24768
2350776,9362
18418375,21513
2193984,23103
10803962,11507
13175909,22742
2438588,3687
1283260,27299
2270972,7574
1491289,9442
4640881,5413
651944,7540
3671579,7033
193113,7851
21227347,25127
2173741,3384
17547441,24457
18597967,21761
2277217,6278
6025230,7706
19720709,26028
21239341,23907
9378946,9936
17008715,21240
2173736,3384
22923539,26565
1666311,23583
198433,3166
13201620,9685
1143910,8099
12783559,21548
30865720,3353
17588477,22936
1099463,15172
224662,9847
27457377,29172
6597364,9684
1132660,2464
2173741,5113
1301119,5122
3126114,3323
21401884,25251
4652348,4920
1166897,6965
23828092,24700
23967483,27823
1569860,4798
24109872,27257
24587072,28906
2345288,27438
1981052,3988
16860755,20854
23219079,6353
22609071,27141
1194882,8244
1932355,21797
20208007,26918
11738239,1551
16368150,26429
24459803,28329
1788968,5875
18977680,23081
2571284,8093
26944048,6889
2147814,3751
14945140,28058
13023150,23498
4307554,6695
2330484,8369
10147876,1143
24537494,27865
12322695,2265
10111390,21223
3109529,7683
23290915,27180
5848106,9542
18985454,5985
29924238,3023
15088766,3213
10270173,13714
1563159,21421
1215692,9233
39423149,5923
10248825,1482
20314947,22250
6875312,8011
52764,9971
1092405,3165
5976926,9123
11201320,4153
23879638,7698
19631008,24017
21321529,25028
20984425,25755
22547675,25536
1728996,27668
3144438,7190
18169786,5881
13664649,24220
12298602,23787
903751,9497
2128404,9351
2880210,7757
5571468,6483
1088639,14255
23311553,25042
938832,9418
1655773,9450
24178245,24597
16929109,21283
22019278,23881
15820430,23307
1788981,8383
25907924,29981
207125,8028
2955485,3988
17814523,6686
12089920,20744
20217224,24458
12089920,20745
17019642,20896
19409134,7688
2489037,2568
22357213,23648
22681791,26702
1859486,21554
6451602,7620
21838352,24024
20367369,21709
3868589,6453
39650063,9017
18282768,21990
28983699,8851
1025498,15353
2173746,7995
13201483,23429
1652296,5764
3061321,5647
1112669,6339
13703511,21645
12240653,8892
1711082,5111
25058194,25437
584465,5930
11326758,9084
3600964,9963
18860345,23396
17453989,29420
4217018,6976
4609500,8977
26488378,27919
14925033,8469
2530086,3209
376475,9124
18516122,22460
24281367,28078
1301292,9157
20097297,24066
6976539,9429
17392118,21408
1443960,4493
34337639,7974
27470350,29715
1440039,15553
14249968,6057
12089920,1653
1678937,3208
4132856,7485
6828180,9636
11150982,6282
464251,7274
21776066,4795
613346,9594
11901320,29414
2409630,3769
3083735,4637
17771420,28623
11338444,16877
24428469,7269
19837798,25878
2040867,25863
20665626,24862
15364151,24440
10873733,20739
162176,22309
1790379,6936
11135085,22369
29797329,9114
34487,4938
1120962,9497
2635152,7447
20525639,21702
10619449,22604
1708582,7652
4463718,9953
18447843,21098
24792759,9167
4292666,6715
12592182,9536
12180470,16347
1667025,2319
1974447,7740
10087823,14423
19466061,23022
24661104,25121
1183212,16604
23150608,27206
29647198,9540
1892649,21625
2093324,4542
13065933,28082
18542848,23815
25771130,29745
14446200,2404
18542848,23814
1915446,8117
10049144,7329
14524716,8829
1088412,5625
12818028,4431
13136271,2762
23941310,26593
5300616,7743
13644438,3504
2946647,3482
1594795,2573
18125735,22252
13580563,20949
25161465,29420
14945290,24003
22216226,25767
11114988,21202
14349797,26381
2850313,6597
4660100,8423
18655200,21350
2093617,4222
21923549,25558
11139384,4793
12109912,15634
1169762,2966
18454852,23685
5673889,9427
5405950,6503
2257319,3802
12542895,13308
2479102,8148
1327973,4866
1159579,6990
2114841,22224
3512257,7844
147416,4522
4838550,9143
27612329,29247
7900679,7938
8219858,9496
2242501,3476
25696562,27859
23871551,9415
1623147,8006
489000,8556
4095672,8109
2222050,9826
1018155,15057
10065862,26950
1466637,6406
17291373,8255
2040304,8025
1894093,6590
15149812,24746
2296045,2442
2917810,3898
18457155,21144
18775379,23514
21432434,2917
21853205,6797
26150212,6632
1278478,2260
17250119,22010
15832772,23676
1778986,8414
18364022,25947
19883547,4828
25380552,9631
15146869,7434
1934406,2278
19673387,24030
2116145,21734
23149600,25721
20198488,20777
16952529,2029
10249375,25361
24180897,3083
4011951,4673
14936592,21285
22123430,24307
52756,6336
30646081,4413
1615836,1859
15447300,2203
10322,10796
15307574,22332
18935803,23529
15307574,22335
15307574,22337
2409198,4612
2440860,9355
11380820,27734
15018614,24358
14090866,24416
3629093,8971
36620634,8940
153399,15738
21784198,25614
25422198,29441
15307574,22329
15307574,22328
20641295,25143
2357943,2461
1861796,9491
15307574,22327
3442913,4530
2318758,6735
27952391,7162
4463626,5040
723646,8671
23553425,24864
12090224,21876
11802273,4544
2876310,4104
232766,7570
15321517,21746
18366471,21113
18980990,24250
8009062,8017
17454235,22411
1859402,21380
12015310,22354
2903539,6394
14248025,3516
25179319,6389
3996861,7350
13082035,22226
7413990,8698
17573952,22006
17454150,5214
19017100,28444
18736289,23346
21133958,3075
22717208,26556
3419696,8794
14967386,5358
15963012,20960
14144497,25436
23066137,26833
25068916,29809
2201266,5113
1269028,23815
3493972,8696
2093612,4222
18352875,21723
1600276,5867
20712785,8828
1025819,12558
18696364,25238
1949191,22459
4791520,7766
27486424,28357
10055555,9345
14013625,7302
1563648,4962
1055898,15941
10476987,4750
6074842,6584
4387081,8362
18023404,7979
19861398,24202
20482536,21586
12724440,7152
11239006,5721
2342960,5336
2531867,5080
26625581,3599
1518609,15629
1269028,23814
27314406,29633
11139384,21006
26310724,29474
26056755,7833
19771561,6069
4867026,6419
19879390,24205
18101339,4958
3199619,8491
24556978,29265
2061564,7386
3148441,8155
11590877,21125
2903227,9160
2510177,7022
18037258,2105
23060942,26817
25815492,29751
868126,9736
17750246,20717
765936,8421
21500850,25521
4140291,9774
1794330,9838
26641139,6597
1305353,6196
1488582,17004
27502225,29689
20380983,24502
20574670,24739
24060903,27917
5074387,8844
24475494,25608
1997775,4157
580856,5828
25884811,29744
18684953,5705
11159400,22417
10536797,21616
4426464,7746
17771792,8231
18271519,22610
5064492,8845
1908784,27035
15553435,22156
23534399,9451
745045,8239
17486601,24282
18469964,29935
452740,8778
6319463,9586
23485562,24051
14477439,24944
14477439,23612
10874372,6433
6319726,9706
25595772,4385
23435577,29484
11441699,4512
18202986,21154
1313021,6109
3547735,4135
12674455,27903
11834004,20961
10803850,14333
22447505,25892
2590179,3705
7834918,9738
16985594,20762
21142071,25054
2306146,27740
1563350,8193
24177292,26807
4563595,7190
2057808,2936
1494288,15079
10536796,26356
4911830,6751
14449719,21341
15897295,6336
17110311,21543
11200542,9255
6198868,7911
16905712,24701
24181137,4678
15167275,5648
153414,16889
23713054,25150
5783564,6705
3209882,5804
224540,3205
1594800,16835
219324,7782
1204292,6927
13111957,24963
17194529,20961
2205472,2253
23166361,6485
6518312,6697
11157373,5885
15156806,24206
530187,6562
2669815,6305
1057684,1220
22660937,24052
20909325,24960
19762645,25999
24864365,29109
23442440,4515
22081094,27150
36469866,7758
31158980,4801
13346116,21000
1518597,3093
1202498,7949
5010351,9548
2822666,8318
31226241,3404
36732572,9596
1522496,4108
19847146,27719
1697158,5370
23126579,25423
1495607,8546
21727752,27941
2081952,8420
2398280,3009
22793312,26436
5120083,8832
20963041,25765
16872809,23354
19104109,20784
2276312,5716
2372049,2708
17431444,22154
1563390,21516
1438315,5857
14412938,9404
8644469,9703
1674691,3416
26204806,27204
10422767,9860
2334568,2601
2603326,2962
20066607,24369
10594936,7941
1547323,9121
5036251,6402
1434733,8398
20023621,24362
17160380,23166
2093520,9418
22418742,25716
20848028,24586
14925924,3316
10079907,21398
6196315,9694
25308273,28021
24930989,26452
1040595,1523
13755719,26481
19785709,2301
20543089,24697
1564810,1850
42413716,4424
1487820,15819
20759225,24667
399790,8614
1023481,8979
11930068,2554
2188911,4657
16271137,21400
24079171,29061
12597700,14010
1335967,21653
33978192,5433
19712517,23905
20642035,26013
19714359,23733
149593,6424
2383833,9988
18282633,21445
1717037,1744
23164043,25649
1674691,23779
7874395,8037
2031877,9822
2830354,5418
153132,5864
188577,7919
18895338,23377
15178406,4749
5729602,6675
18950676,23478
7067922,9733
11144110,7636
23943495,29258
22783607,6123
1405107,9792
1239946,15926
2041331,6540
19569531,27410
21980530,29190
1457735,3027
19214744,24617
12246875,21141
52759,8985
23164043,25627
15321379,3280
4709457,5259
1882919,2279
1682727,21431
18654909,22605
19854204,28416
1932846,4216
15247387,2533
1493786,9341
2458411,9003
2853608,7017
15562959,2823
19375079,22979
4620053,5390
11246489,11311
17454235,22356
15762013,21128
12212497,9967
2487997,3873
16790054,23032
14111285,7477
2479102,28840
23902150,3851
407505,8154
23494787,23926
21389610,25246
10659591,1851
16021067,23218
1218906,13474
23435841,27179
23063959,26729
24757547,25229
5884073,8183
2511183,2556
23016115,26770
2080734,24517
11588323,1855
5072839,6049
1569972,9827
12263193,15491
19403259,28810
1044137,15894
1559962,8786
2495875,8475
11788800,22088
6860550,9448
2534545,7955
17786658,24517
20182484,24445
23188613,25027
1301695,4791
4517778,6481
7890373,9109
23000489,26635
17179811,21080
23928245,6266
16433782,21174
32990131,4509
16400453,5094
1472754,8654
17868662,21179
5436114,9645
10137054,6544
4068891,5444
1412244,2819
1830189,6648
2152889,4806
10175964,26608
21787700,25486
19228690,24112
20358425,24395
22849327,25888
32978858,5254
4150283,8108
11569111,24443
34970960,5356
10764860,3281
4935050,8976
11466765,6106
14292571,26123
23045676,26008
2193984,9056
12213931,21186
24256349,5533
1424312,1975
27803265,28914
1149057,14351
11831788,14917
23489948,29209
12087435,24232
11120866,2132
14076759,22941
22342904,26243
4354969,8638
1551424,3171
12090224,1653
27704991,29790
14444747,6410
17609100,22740
19688248,22044
1305143,3225
11832504,21924
11101960,14409
8896539,9443
19570227,8314
19864243,24424
11803507,25720
10670576,21832
5083878,5881
12482232,13071
25877639,29536
39338797,5419
1181487,9993
18384743,21105
1821204,7147
18856437,23317
19403491,23747
20927705,24871
12108587,21345
3565672,8945
232729,9398
2817344,8669
3218853,7402
1159581,14381
2252734,3501
2546574,6978
3652088,4312
11634809,24708
14583988,3816
1358162,7596
10239473,24672
2213726,6807
20893158,6593
22850856,26476
15888290,21662
38706720,7968
1707772,6681
10792332,22169
1645094,5587
13376770,29212
19888650,25116
1932355,22096
15860807,20922
22999271,26694
24019045,28094
2632107,9508
10339530,15205
2281576,9620
11630141,1622
18185334,20901
1207618,13217
20160826,26194
1563913,8616
26627169,28060
24447962,29746
2985093,6380
15135797,3649
20882097,25002
13064711,5274
14350613,22933
12524283,2664
23333007,25532
3486466,7132
24224068,28023
3311983,7846
15873474,21706
20363594,23725
21188542,25158
26011444,4849
10494706,14081
15762264,23580
26100698,29469
5058217,8330
12027352,14142
1327381,6707
22100361,6044
15630941,21052
2377571,9049
17021043,3276
33614654,8255
14469362,23633
14841159,20836
22400063,25843
10542764,6244
21045899,25914
1518597,9177
2186264,23341
19539395,22420
18578208,27812
1401674,23502
1789064,27715
18701490,8446
19312309,9657
3351618,6654
1157247,12212
4049217,6368
18830587,25924
12201558,21494
18553968,5623
2180059,3239
1850753,23434
2942310,7513
18218227,3555
19569531,23965
19763378,24071
24770535,27956
1916583,5498
12604896,21388
12485430,6256
2034990,8697
24052355,25247
1223840,27734
2201266,3384
1179614,12863
23752155,27944
21088195,25066
21192353,25112
600709,6596
2635321,9201
3193622,7901
1013877,5140
10106329,2851
24029391,26428
3214647,7206
1881425,8736
25474440,27681
1971055,8841
1906419,22373
2275061,7552
1511042,23427
1201462,6991
15655603,7430
17530769,20773
15952615,22021
1855744,5822
20168526,25201
2146726,6597
14741856,15200
26350269,5532
10419007,21222
13383505,27038
11353966,2665
1522499,4231
21578129,29110
16872809,21507
18369371,22347
11729300,24414
10078925,12638
15750186,9950
16752158,7299
11461782,1260
2319697,28969
1466653,6249
1564842,20885
21527716,26790
1557018,1880
22107086,26095
4422798,8462
21854180,29902
30963730,7737
22493479,25933
15719279,16979
3704479,7956
17143446,22458
5522895,6515
746910,9473
12899801,27199
15902874,21340
167579,4736
431194,7270
22189080,25963
3381065,9245
24604393,28321
19359414,24029
1720542,23485
12556372,23433
9375576,9683
2529838,7817
10658973,3913
10164689,15202
4427390,4635
14758489,28279
13743493,21864
19614539,23198
1041909,8580
12126468,20915
12641940,6531
3019741,7070
11931850,2143
1338568,9342
3137739,9575
10206866,13357
1047513,9969
20144305,27806
2973986,6056
1759263,3367
13521161,21210
4107784,6195
2261019,26156
13328434,22892
23067669,26869
3400128,7568
16227344,21083
3433852,8476
6320606,7000
2146994,22302
24665310,29021
1569190,9219
31942559,7528
24114614,25700
21721098,25438
26391702,4761
2603305,6232
5457272,6832
14833919,9135
26209649,29220
1216176,15900
14313924,20785
2462626,6107
2313148,6765
34016396,4488
21953808,29879
25619111,26639
1584906,3049
18529098,21336
1334169,4618
2129169,7779
572647,5739
1594795,5493
28415038,7645
1339197,3061
1684678,4394
11416992,4875
12811677,7553
2083963,2294
2499375,25459
2606382,7995
1932355,3109
20423697,22200
1335182,5993
1564632,8498
23972101,9994
12490934,13350
20112565,21993
25415189,29284
10177214,22105
15160295,22423
20742165,24836
2476791,8643
3030183,5728
17900910,7390
34320862,8222
23414787,25119
1683635,1737
1941504,25213
21770542,25673
1085160,16623
2449426,7732
5528856,9064
12333999,1426
3701546,5841
12511613,22085
36721702,9596
12946299,21984
1478484,16921
14260068,7493
2850313,3757
19026687,24343
12083378,21226
22649149,24145
1771655,6694
21688753,25421
21899655,25552
67840,8884
14917247,29418
21239341,25901
20712011,24442
2053291,7427
14106327,26367
11779363,21539
7124287,7240
12451973,9481
12212004,14434
16759067,25156
38349817,8886
24168960,6494
24040808,27878
25779022,29483
24158686,4573
30535836,7805
5956143,6765
27112340,28131
20768347,5301
10369797,8694
1426561,16670
2343774,5570
27369562,29437
23847687,27412
14182154,4276
1310512,1578
3429372,5792
18661661,22773
19133052,29625
1063974,6900
12406189,22260
11093660,2371
2032862,6746
16809733,9308
21798315,29383
13884220,3823
3556765,4834
13892453,27672
11123595,16793
26337508,27076
1312718,13817
1594795,1943
2253419,7308
11933979,12807
29642679,9318
19910525,27575
3753724,8600
1347682,9620
29593930,7592
12221003,14484
2093344,9790
34190983,4903
18995989,21040
25455603,5156
17354569,21495
23087659,26705
52759,8825
5079021,8573
455203,8316
30052987,6408
23925633,26160
23596564,25860
5318566,5511
19682803,24042
29770419,7074
573076,5825
4534436,8478
2192337,9530
15029468,9825
2489613,5316
10584448,7604
16361229,21590
19981037,4049
15307577,22329
10435859,5104
15307577,22328
15307577,22327
18931880,23425
34693053,5266
27081217,4395
24449872,8445
18134792,24312
23435302,9281
17843326,22665
23715114,26850
2410555,2644
15307577,22335
6864696,7271
22988883,23708
15307577,22332
3048744,7849
26833048,29252
169825,29199
15307577,22337
1908289,7508
1546409,9276
21859643,24287
13383113,5580
213502,2561
19436427,2746
25065898,29533
2722292,7524
1788986,9237
1657172,23457
18701708,22401
1106384,12354
2739523,7951
19888710,25533
306465,6608
11131147,16517
19105412,27864
23731064,9668
12330231,29915
232638,8732
4935781,8626
1159595,2694
15199726,20889
6630077,6718
1305143,20780
11028525,6781
12126810,9228
18138079,24076
17392118,7374
24251120,27205
5551577,6945
1941001,20718
19484619,28974
11177347,4496
12020016,4790
22619752,26094
16934961,22089
21633696,24547
1661509,3667
2233745,2288
2112774,7056
19981037,22692
411941,4198
15984121,29099
19683560,21541
2098010,5652
23069200,26848
18775010,20833
16952530,2803
25874065,29254
30864749,9843
24369847,29023
27764068,29638
4294320,8169
22143592,25659
19755195,23986
1745270,4763
4370851,5306
15132605,21733
11584336,16489
10932514,15033
729201,7486
10554104,11806
1711757,21724
24179226,4665
11280569,20927
2072944,22228
19331261,24473
10820666,16795
17722409,22490
2345830,9331
5527464,8647
10305382,14907
11403794,14989
10938442,2296
23076862,29044
4102945,8479
32899628,7081
2379567,4003
23275254,26827
1531079,1814
28877863,3343
2309579,8804
1459689,29418
10493270,2539
1657090,22184
12653246,5699
10840850,5033
10320133,21178
26323596,8490
4995197,7883
4877668,5977
1905716,6756
23019132,27104
12370669,25636
15522135,5684
13776276,20928
5308760,6846
22250976,25770
28183884,3651
37122046,6115
3703268,7266
12089920,21876
22800778,25230
10764552,24381
22254234,25707
33327117,9590
705314,8390
25802752,28138
2357943,2611
18037258,23347
3097188,8571
11283085,21358
5300595,5313
11473999,16151
11749248,14458
1038195,28573
4415951,5682
1239945,3105
23849866,27663
8257266,8412
15771161,25488
26512287,29879
13119494,21549
3510714,7190
7468323,9359
18720531,9159
2846118,9060
1601960,2335
21832436,25206
15307576,22328
29191936,3409
15307576,22329
1553072,6077
7184255,8682
15307576,22327
18781202,23436
26208410,27820
1989720,29385
19960912,25217
11582611,9170
13939646,22842
4341765,8779
7802826,9724
23102017,26871
1327973,23460
49093,7887
14335419,3550
15307576,22332
19863980,3912
11444752,12110
15307576,22335
33100796,8813
1157474,16194
15307576,22337
25912148,29427
31853726,8853
1300073,9527
2343978,3824
5715830,6759
15982563,4590
21007173,23544
5571442,9088
24116601,2865
10314706,25353
19403259,9885
2590300,4508
2928682,7365
33531893,5428
23549969,27284
1299984,2571
23553145,25806
2336227,2570
18463246,20794
436015,6949
1235289,8972
4367866,6986
1376847,16639
11875997,13936
18340621,22310
1545317,4180
19640722,20912
10763443,7670
2308519,9180
23900312,3971
14476624,8685
15466868,24451
28788530,7532
23964910,25504
22815325,29132
17590519,21689
16626801,25324
16240382,20725
25313098,9163
5471199,9115
27694554,29491
19170714,22526
18463246,26082
11565786,15269
2040867,5266
16317269,24809
29569199,4257
2483919,4867
10668560,2815
3254114,7535
2163254,7790
13757677,14952
11556591,25537
17021043,24940
12429599,16783
1472525,22950
1962855,3915
19820908,27449
12090224,20745
12090224,20744
17823054,21079
15142102,21685
19687958,23974
5174620,7318
1141835,2206
18360054,7128
15874511,22696
153418,4547
2340464,6236
20829891,23805
13679470,1846
2396409,9271
17670519,26481
26090957,9633
1366995,21842
1683298,7982
32149256,9111
27512382,29940
1565863,29486
20234596,23627
17528078,5334
5241174,7345
25464619,29333
1884585,26551
30040329,9718
309984,7014
12928979,9729
3915644,9813
12899801,23516
10248599,21342
2732130,4241
18717095,23254
10927185,8271
42408359,4812
22063338,24253
2063476,5827
1849856,8096
20023391,24747
15362784,7263
11838865,7509
1033399,11038
29633184,3285
2486333,7099
21953808,25442
1583381,8501
8169424,9862
11010005,20832
5275105,7281
22668301,7208
1606435,9539
18516041,22287
1928788,24918
6941133,8753
52767,6336
1887268,23901
1275121,2297
22702217,26460
18218227,28812
11872834,4237
10919507,1497
5740010,8935
2617646,2853
1177744,12183
2355952,5771
1444834,9669
27128547,27368
33958439,3925
11290061,12723
19975101,21034
13371771,4796
2093612,8822
2601262,8987
19338720,23764
11063958,15283
29447505,5625
5630116,7549
6147373,9078
24040671,27879
16756530,22342
159943,4541
15109529,20858
10054001,16624
2175092,2653
12364392,26690
12803030,14720
1086626,6145
3885576,8095
14716325,9445
11944828,4012
23230285,29869
33632989,5736
153758,7418
14851632,27014
19447935,23755
24056406,2503
23846827,27545
207262,21421
2176065,22467
2052373,2817
7012175,9439
10653382,15893
294312,5242
24084940,4463
23746049,26422
14240758,20771
1283260,9617
1037598,2134
2660294,7288
25246194,29476
16625446,20941
4755327,5924
1466151,24918
19447935,23765
20830221,24866
10917647,22308
24789442,28045
2599346,4628
22105553,23677
6025234,7774
24438792,8199
11913995,28966
1939369,25235
1462126,3118
1859657,5999
1385430,2262
19614539,24166
2983994,6619
15177974,24825
24600706,28936
1233412,4529
29640891,8237
1502369,4614
588619,7136
2619342,9728
7941783,8512
13592405,8839
2355418,23956
12746003,22046
474412,6944
12065176,4199
4166203,6200
2093344,6106
3934483,7013
2194094,9056
17974780,21028
25856384,2790
17775857,21451
18495552,21184
339197,4302
12089920,25311
22284223,25586
23161980,9986
10248599,23001
17905944,21657
18685754,22296
2323086,5036
12922039,26413
24156582,8090
24156174,24478
100464,14425
21970352,25114
10824328,21036
22497692,24924
2034957,21949
15321379,6962
1892272,9989
801404,8594
23901252,26649
27640829,3471
13377746,27497
21544512,5304
23557511,25595
1694635,9866
22097891,2923
22446493,26405
1696606,6338
2041062,3744
851696,9600
1486185,16852
3934472,7013
2045675,2088
1342760,7353
14601254,20859
16729158,21624
2974004,4548
11941155,2360
27462385,5142
20915011,25632
12776876,5992
10820702,6768
11557683,3434
2093324,9790
18674337,22847
25365026,26122
1453153,16330
2701886,29369
2645793,8497
11500785,25249
26708339,29222
3771333,7615
21562786,22142
8282701,8861
10623626,8763
23267946,26362
10947703,8294
21227347,29235
1563268,4274
21595498,25357
5736069,7444
1268487,6222
19076840,5106
5245112,6221
187267,5999
10936278,23316
4415454,8195
17297576,20723
26188458,27937
477505,7110
22587011,8338
16739547,22341
24775654,28029
422514,4518
25045848,29487
13848550,22657
15319702,21746
1783163,3247
25905316,6633
1919393,25043
4304472,6639
22085175,9699
1564963,22831
2149918,5405
18780010,22999
14605159,20887
19412086,21044
9147324,9326
4241479,8144
14484754,3801
25767950,28014
1093029,12457
15307578,22327
17036052,1836
4404552,9745
10203333,26065
22633626,3957
15307578,22329
15307578,22328
2199024,3961
20018005,24313
1767664,9753
21595408,25427
21921331,25523
3322647,3692
1232986,16547
18685741,21264
18829220,21819
4754916,9920
4619262,7704
16016368,20798
16528939,25128
21322817,25227
2017664,8114
17313208,21076
15307578,22337
15307578,22335
20915011,7759
2740521,7037
3386508,7008
153432,4660
15307578,22332
18437962,21171
1756014,24986
3172092,7113
10946845,5486
1128541,3072
8610564,9842
12453960,7523
2967411,4680
33430,7694
590052,6421
9106366,9298
15131006,20950
1725488,7203
5275688,5775
22427201,24865
21578959,24738
20163890,28015
6261912,7950
15307584,24534
22353739,25814
2146726,3757
10608845,21395
17825764,26380
13053442,20935
17444540,24075
17081459,24200
1184426,24798
574166,7512
16616681,22311
31299023,3552
4641911,6164
27613503,27916
24667588,29374
636644,8456
18889205,9931
2233003,7634
1564411,3404
17970500,24712
15390888,21983
6436744,9365
27987861,8650
13573651,15871
3537030,6979
5032142,9103
12279156,6348
18282768,23947
26321568,28127
3829685,9597
24509720,6665
12433622,20816
12992303,14135
2249453,5653
20270632,27066
15501736,23263
17642749,25313
22996413,26656
7296026,9617
22447397,26119
653513,8067
2975597,9030
17752897,23788
13613,15660
2506858,29291
27470350,3593
575649,9125
1095597,28748
21115443,25040
12694914,6550
3605906,9580
2345580,3030
14583811,15384
25992413,29904
17092396,20831
19347181,23319
1564417,8283
10027208,6763
3724609,9941
12851354,8406
2580958,3955
13192136,3162
5051134,9658
25156390,28135
13102578,9452
1956255,4632
11023716,6264
14078057,20861
17014586,1910
19623896,29470
22804895,27295
17900314,9630
2220391,6126
1788603,8822
21476639,23236
16342993,22997
6231686,8352
14493034,28404
19672244,24496
2204792,7787
26401249,27668
16365001,23407
213505,7822
19196440,21064
1740520,6858
12084691,21213
13526269,4422
23047483,26782
1018365,5899
17266981,9148
21282827,25115
861670,8942
13342850,14147
15724902,23614
175998,3995
16293889,23775
2411667,3391
1148045,15891
2590398,2723
2079041,6540
3110559,6871
3953721,8047
24475494,28973
22725457,26378
3787693,6163
1189036,3142
1530647,6633
12014437,12747
15316983,25231
153420,8200
4983775,5220
15842171,23609
24843332,29410
20852177,23524
11474170,6137
1204377,21958
5008340,9707
12291107,20939
29609709,29990
25888910,27501
22256749,25456
21880150,4342
17021043,25761
26067432,4190
17718225,5280
24781423,27992
29152174,29490
1563133,29599
2724439,7007
12623248,2685
22950123,26101
12966277,3178
1344124,8847
2999487,7450
1838125,8224
1257892,9479
1312166,8827
5937966,9972
25332287,29104
1640271,7506
173213,9078
19700612,24101
360793,9883
3078437,4628
431119,8723
22463981,29635
11402929,21439
28192691,7214
1322030,16121
1089349,4116
25658385,25690
15026692,21351
17609100,9755
16150545,23593
15283170,20966
4720771,5550
19476761,23936
12379626,26516
3672652,9872
36560133,7948
2146774,7474
1310512,9418
12236301,9960
20116156,25912
24171416,8954
12068481,21712
29838336,8785
2993898,4326
20196924,24479
21015153,25290
12753632,6729
5816391,7614
1838369,6780
23181974,24876
25200450,29298
13331016,21163
7067676,8994
11728064,13976
535949,5608
1214676,16060
20324939,24057
23980202,3658
1301830,22690
6875339,9305
5219137,9089
34528554,9835
14719403,20868
16125841,1870
26318515,28325
14080780,21635
19835275,24719
19874913,24193
22644610,28441
21898946,27077
6044819,9102
2385720,4772
246953,5961
32567734,7861
31351426,7290
3162485,7700
4100920,7327
3745982,9938
1398478,15816
20482536,2926
19808360,26027
10382326,6440
12731073,27062
3914977,5704
2380544,4970
24340086,27657
1899450,4001
2438526,25035
16952607,22567
2080734,24384
3243519,3689
17786658,2951
18459313,21119
11969411,16994
15307581,22321
1038195,5368
10962069,21094
1414613,3579
11440169,27297
24156962,2898
1179800,21810
11842298,1937
4107691,4228
15983948,29100
6906722,8127
8616537,8863
1386847,14004
6517920,8502
13458092,22289
320482,8851
12100831,8726
2499375,6811
1563227,2022
10104362,15668
24361200,28141
19960805,21453
1472611,6467
25669076,27451
10275880,22688
23426016,4026
25406520,26695
19043200,23846
16167845,28421
20895088,25652
10521949,15390
22319839,26704
4307608,9142
1563401,5721
21324574,25226
23058658,24935
1364681,2806
1380605,7501
24421230,28188
32234960,3506
18189098,9930
11139384,8825
18696364,27220
3051666,4017
14238199,6640
15734023,28344
2053056,2068
3242897,8463
23467332,27139
4073991,8896
22191736,25662
22610827,26088
2268510,8675
1769334,7468
13023150,20784
2211109,3903
10650082,4443
1202480,7708
18696364,27211
25404300,29447
11828697,22769
1261663,2632
10528705,3080
1937821,2497
13248512,22086
12634776,1765
16973176,22210
19703006,29343
24514776,29712
8752517,8975
23954407,25243
5468359,5539
27467033,29620
14654738,22049
1423631,21884
1594795,7964
4068897,7749
3463652,8148
17720319,20954
2201266,7995
2309926,9677
1472525,6673
2954629,9471
4413421,9406
5241276,9480
1440613,24322
23194961,29528
11801699,4830
20579203,24431
23481596,4949
6906042,8584
25377334,29539
18531219,22951
1125657,6246
1440630,7042
11438979,15326
2034146,3141
1326617,17003
19695722,23661
1903884,5662
1277932,20763
1213864,27219
2993945,9027
1909510,3617
3030068,8205
1312074,14005
5788584,6357
18087145,25683
10110872,7699
23116745,26799
13351670,21448
10469769,20820
17320171,20965
6780043,8950
27044718,29827
1701231,9665
24672005,27769
17271597,22968
1194874,2955
1713059,6681
17672739,26481
700058,7547
1898799,9978
12676980,1679
1363979,6920
4759359,6696
21620151,2353
19556211,24808
19203916,23108
1563298,8980
3251075,7416
14385771,24514
32149256,8563
27885654,9036
1323866,16705
2474729,4616
2079407,21620
13600781,22114
10890938,11783
41275538,5105
20773155,9321
10550678,8048
6063522,9908
19447935,23645
6358178,6447
2971223,9030
15942740,7312
19568783,23966
1715754,4535
19156642,20803
267616,8102
12835484,20977
24825459,4274
2278201,6382
1562965,2697
22615715,23626
10239959,1882
26903674,9790
14077675,21611
27905512,28528
14335419,1986
1339146,1581
1924258,4035
38143006,9987
23588605,24732
19336475,21824
2343984,4125
3101657,3109
16986687,21121
18576441,24328
2664919,4803
1167751,2336
1564208,9292
1878246,8857
198435,21256
3351983,6614
11125706,21151
1462714,3674
19682369,24036
2830354,7792
23210638,27140
16839972,21578
1120962,15108
1640471,5754
10413113,12729
17754073,21016
1494533,15092
16658751,22191
12552012,24015
396118,6012
3599265,9716
10488952,28172
4640164,4963
1065205,7522
12490934,29925
6020953,7540
17495693,9193
2544816,9889
11834004,2561
3236551,5618
17359079,23937
430549,8721
6709119,9393
22366161,22928
20777908,22296
2424463,8125
19721360,25988
1822930,3799
19736815,22011
1936981,4423
19888530,23686
308623,9868
5173675,8897
14299525,17001
22692474,26089
252988,7438
1474249,3188
14467325,2680
22437036,25630
11061472,29762
2093335,7025
19466351,9146
2310661,4502
207262,9737
1049037,1492
12291014,23579
3214070,7164
6196840,6563
17485906,21039
2194071,9056
14647028,14852
1941504,28582
13008368,28241
31855201,8519
2031804,8258
2021222,24001
14539401,15927
22953947,26611
16864582,27084
32891104,5625
20933563,24884
26175785,28193
1711757,5856
615224,7909
1780174,21785
10345540,14458
17928527,21320
18496922,24394
10307902,10378
12040787,26491
16800229,20903
24708133,29051
2476704,9746
19838612,2051
30459563,9461
4820538,5910
11134473,6888
5801555,8569
4016098,9374
3681869,8953
26150212,29922
2206019,24466
744152,9855
23601203,27330
18620299,22361
22402182,8334
24089875,2542
25106436,29719
12445349,24766
2334513,6476
4160878,6868
3020109,6346
1191343,16988
3126974,4254
2884502,4949
3658444,5239
12499620,1272
1233412,6430
198997,7030
15562456,24256
4563042,4778
7442769,7582
19745178,22918
399418,9306
1984019,5482
36800750,5112
20205448,7843
2413731,6913
28909045,29209
18096604,20747
5965117,7752
1820218,6522
13710446,23623
6778917,7864
22689854,24397
21802080,25513
1583955,9316
10676873,8724
1928788,4204
19642590,24072
19650636,26894
2400150,24361
1549210,27230
16489624,21401
2626155,3761
11954746,25485
2146590,2453
7154488,9085
14105036,15955
18469105,22803
1874687,9850
23496070,3238
18480639,5973
24044815,9627
16580374,3218
1196933,8890
37506957,3757
22987669,7902
15243871,27930
19763336,26932
11920860,14152
1050479,1636
2146729,6597
4948861,9353
22988575,26645
11924450,27311
1008445,2520
19938461,23727
27454149,29232
15381194,24731
16720023,29838
22687150,26181
12992941,14408
23056928,26706
17935516,8095
393009,5811
13614731,3236
15897295,21463
13851762,25088
1894570,5436
11376465,29980
1046187,4526
1135092,9985
22797411,25466
24133518,29997
2185322,22137
1558456,15681
4744869,7527
1370599,14827
11416992,21349
20104457,20916
24496516,7976
12277474,8123
15307579,22329
15307579,22328
17216673,22981
15307579,22327
198435,2930
6785920,7150
5278587,8345
12686478,8261
19007879,3886
3887241,5125
15028784,29579
2227726,9059
4667849,5614
23065843,26841
2093352,9790
11496692,9191
16679769,27222
16082726,21348
4727177,7158
12385708,26557
6218028,6948
15307579,22337
15307579,22335
3342449,7908
1237330,4529
15307579,22332
19839396,27493
2522913,4106
52754,8825
1108924,7754
18267840,23447
1180004,14628
21476562,4987
24238490,28028
3062890,7712
11659752,24858
3122149,9766
25120453,28004
1353335,1699
4843795,5035
5221581,7108
19105078,25204
10168917,8033
3067610,8152
16861849,21366
19855868,2948
23139249,25750
1251052,1503
23496466,26415
1222535,15043
6888967,7298
27238018,3880
15321385,6962
21833180,25508
19592629,24074
2346556,7088
1813146,9183
21007835,24472
1916006,8451
2146551,8831
26138867,28327
1882465,2719
23090213,27255
10008641,9951
34013298,5755
13374608,27901
4812496,5286
1833226,6243
22084757,9699
2472365,6173
28262214,7880
19714359,5435
1684551,6645
2538019,6555
29787692,5890
23097713,25443
42473841,8859
1636825,21463
253870,6754
15684835,23823
1047218,6850
653517,8407
12111422,14855
15511640,4969
20511800,21168
24336800,29383
2658871,3758
23323301,29489
2022760,3745
153407,3296
1305157,8660
22331142,25872
24671612,9407
25264537,27218
13817146,25401
11097823,9765
28773282,5881
3172096,4504
635947,7856
24059614,8642
1180594,21995
16491537,20984
10592729,23547
1663197,2139
16401301,4473
1109483,15398
15185626,23350
2966250,4990
1098784,23845
23183025,27011
1523330,1811
1395495,5765
4536598,5454
1269028,14207
1370248,14043
2107806,21405
2555189,3515
6052547,7963
21104080,24842
36330679,5783
1303690,13560
24250982,29971
12348006,21444
10651153,7894
18279768,23517
11011919,23109
1336098,2146
19451477,23899
1563401,21383
3793127,7940
10771513,5483
11574260,13165
2725809,6672
1884585,6029
24183910,3891
368889,8349
156756,2235
23596564,27327
20969515,24618
11064186,15574
12747550,5902
26580022,29819
2248894,4948
5453951,8944
17442064,21173
24117862,6783
17972019,26049
2047276,7566
25405482,27816
1949191,6823
12433622,6597
11501120,7023
663954,8858
18339879,21502
25777506,29748
22150812,25134
11932231,17041
14335246,21406
1400006,4523
21088649,21604
3787882,7432
355907,5708
1788604,4222
1694849,1761
19844262,22626
19728513,24078
5168274,8849
2107097,23054
2093359,8000
15321529,24918
19973200,25126
31011755,9737
24378483,27860
2194009,23103
18559524,9040
12866681,27113
141869,7406
18442093,21172
23887215,9807
1523285,8370
1796472,8627
1912296,9422
1165583,1555
7043655,7896
3597615,7456
28948520,8594
3890639,9130
5574930,9555
36745625,4384
16972869,21559
18837102,24247
20104099,21847
1990281,23020
11610617,6932
10130005,11678
18462375,21621
1396115,2727
3628734,9456
1061636,5576
20400478,3043
22313279,26355
1178237,9313
12287996,24907
11239006,24789
18514671,25462
2194094,23103
14018435,16030
23516953,25643
21434514,29306
25652739,29283
17854373,8603
15066669,20980
21123793,29240
14268035,26613
2957671,7763
3597503,5782
18340837,8453
3737115,9682
19931506,24794
452729,6943
1206673,13204
7184835,8176
2294417,9704
18450311,21116
22899079,4648
4845356,9382
2241183,28175
12101745,15186
12465881,26589
7203752,7900
1159582,16762
12144371,5636
6600435,9434
17122819,21403
2914746,5395
2241158,4619
2130485,21978
1903351,4725
1417501,6183
1564411,23023
3610895,7180
21526340,24396
4656154,5643
17845576,20924
20513351,24585
19763433,7317
38129960,9107
20401258,24404
19958338,24405
11390803,12598
19579961,23984
17361735,20882
23538389,28035
27650969,29321
17028381,26048
10807666,2063
32014117,9327
11094538,13123
12780139,15783
7020642,7077
1581045,3721
10549835,1158
15448262,26498
23551227,6939
15448262,26499
420471,4698
25165158,28073
13379355,5228
25044467,25680
20263386,6536
13291221,13421
11487701,25312
4022464,5219
19847243,24409
1380277,15782
22346004,2457
18775608,23186
6670029,7984
19834313,7923
30731954,6420
24884128,29566
1716019,23398
2345621,2378
14932984,27552
11664080,15035
5803207,7572
3705159,9593
20082401,2095
2093352,4542
1896068,4432
5903104,8534
2239462,9194
12770127,26417
504238,7565
10659679,22529
23943397,29420
21285748,24856
1015657,20738
704136,7703
2609249,7972
1472525,26134
12433314,24209
32045344,5128
19957621,24094
253346,7681
19570107,23983
15352397,26352
1144890,11683
11502228,9918
15550252,2618
1771997,7381
29248409,29405
2194009,9056
1554253,7633
6200480,9026
2232698,7634
49615,7040
13687962,2890
17763120,27974
16860709,22488
1663197,3845
1230982,14304
1680754,1911
10316251,20994
5812297,8888
2841907,6734
24436509,28310
13372301,20743
1098784,16706
12983160,27955
408491,4719
4440008,4477
5091411,9197
156252,7320
2948385,4313
4292278,7832
1143950,29060
36730996,6873
11874025,21703
22328740,25444
3603277,7204
12298827,25325
13919544,25245
20470587,23532
27057763,29823
1620025,5223
4949050,9223
10984512,9504
1538484,7306
14656124,21716
1240149,9137
2948437,3881
10526724,11018
22441621,26487
17670519,7860
11814978,5919
3652716,6328
1332879,6930
26010223,29233
25933609,29700
2239345,23549
1836389,7105
4732472,9526
22449744,25894
2910947,4609
24095304,7554
2452771,8930
13927720,6657
12242943,20857
1218754,16939
5177899,6052
17738579,22562
10107296,24522
20177414,27099
2066117,26967
5775139,7539
1553078,22167
4403994,7421
11740906,4998
2643340,7458
1454497,3641
4067832,8285
2491305,3726
5174513,9681
4820507,8837
1351713,5531
26120110,29992
1273678,16442
15873474,20848
1373441,1417
11396180,6083
2039969,2448
13699578,28444
2570812,7815
3769100,5810
133266,5333
17649209,20963
1194591,7227
10828670,21800
20773616,22885
1839324,7947
2362259,5288
24306778,27573
575904,8384
14750348,8136
37960557,8403
1973847,5326
2804960,3637
167723,4276
23160352,29439
4962690,5208
1426589,9419
1241000,21183
10822701,27662
2046853,8258
3680792,5037
1073552,6539
2752105,5397
2265814,9336
144231,8307
12111422,15298
16004790,20837
25833762,29596
8684736,8948
161487,9638
24011465,5414
25005258,29028
6421684,7084
23711061,27388
1615808,8916
753337,8902
237478,8876
2321930,7777
22811081,26458
1895055,23652
410696,9589
22232672,8510
18141355,20933
1561047,9775
13053442,29936
4333869,9789
16460026,9423
19624492,4174
15521109,21518
12562265,4083
2281576,6925
1187764,3627
12447440,29294
23511133,25211
11486821,12593
1010984,5697
2855892,8966
11837908,21403
4905353,9410
18762968,21085
12189373,16944
14657999,22279
2053053,4384
23227809,26597
4579141,5706
12452112,24684
6454658,9578
2505868,6711
421077,4319
2784525,3238
12856842,8637
12514847,25983
30863624,9949
1465373,3093
3215234,9071
3271567,5941
11955962,29090
1913170,28966
16675306,21029
26399713,5953
10947814,21777
2606012,8122
22992896,26657
11946994,15704
25435963,3688
20482536,3228
15521709,20930
21591744,25358
3898244,9881
3373612,4125
21376530,9923
18626575,21410
1047184,9011
52753,6336
1727565,4287
1559112,16253
25804003,29485
21917772,29299
2148631,6139
10772117,6120
11495977,20891
23955803,27814
2448753,5144
17349998,23138
20063102,6882
3211745,9220
1083993,21646
13418732,1887
25095463,29990
1640471,3843
15815435,21642
23016115,24544
10891776,25636
2528669,3690
24298061,25790
1466151,4204
2261019,23331
12744577,25328
23249897,25874
15470709,23584
12917247,20926
31291293,3552
15506991,23217
2363641,3059
12090224,25311
26972276,9400
24509720,28437
22612336,26097
1199406,5013
18254161,3063
1287167,5571
42245834,6330
2180039,4398
1279101,21652
2063451,5827
24523459,28080
6205567,6355
10052048,20864
4826164,5308
357017,9058
11279153,2885
5629700,8595
1563339,3552
193050,2231
22355608,25787
676951,8822
2953200,3985
7671170,8937
17156477,20736
12221586,15596
17156477,20734
1733479,8496
22829586,26412
15271417,4569
20352679,4829
38346368,6028
16999607,9139
2474729,27390
2466905,2619
1574804,5279
23208251,25517
5069306,8985
19199156,22678
19557027,22382
25986073,29186
23566916,6837
1874857,21376
2953400,4996
12911902,6403
13249877,6004
2842089,6940
1309709,27070
1572492,9061
23397715,27725
2830250,5435
24808141,9675
11585365,27613
15157924,5613
13554058,21235
1788603,4222
1697971,8986
15980415,20797
22986478,26636
24773220,27487
19789484,21607
20188563,3375
2488039,5939
18521166,25031
10927178,3267
10440883,1528
4813833,7954
4139504,5724
1153379,1393
1373441,3118
201704,9953
5790838,6800
23225193,25120
25992553,26920
1563891,4584
17028381,28779
13624264,3149
24477105,4604
10859342,13011
3448368,8865
2180735,3345
1829841,28817
3060688,6529
28679742,3549
18418546,21115
10378310,12296
22535673,26085
15151353,22672
2434405,4881
1102819,9376
15723707,21776
5213169,9924
1466151,15402
22948674,27927
2144968,24587
29898264,9122
1440613,8191
15778343,20817
1120962,13623
6158889,7437
24338830,25223
4015733,5068
11122515,22162
17003412,21454
2290316,2412
3261658,6059
31871959,8408
12892782,26007
10807439,26643
1371136,16965
21789724,25492
25113921,25844
12960541,1890
2442699,4102
24356545,29211
2952297,3735
3809465,9186
12125013,28343
2820098,9909
2395503,9553
20300282,28403
957009,9898
25365816,29405
5592958,8997
23136945,28036
1195854,7958
1563159,9737
27205343,7808
23111622,26921
21710628,7201
2698996,6226
21322797,25225
1729657,2323
19286249,8442
7635074,9619
23598462,27793
2290314,5758
10147876,22009
2321189,4741
12653691,22517
1798512,9354
15216628,2827
16138367,4459
20503856,23570
29028840,3702
23066419,26854
5874428,8787
11134014,11945
13265889,24054
6270508,9537
1773190,9522
13353016,20971
18528242,21247
3173356,7048
15307573,22339
2930331,3647
14964713,9803
10230860,23342
14144497,25382
15040467,21233
10165571,20940
2745891,5397
181264,4549
17658315,20724
11149143,14722
15163860,3746
35415479,5842
19649511,4440
41849931,5859
1065654,1113
16185754,5762
1051629,15961
19855868,29936
16650839,7231
24157492,4064
351172,5474
13016227,16423
1512268,16242
10792367,12328
24059614,26568
3760517,6273
3731321,7690
761808,9587
22744280,24493
2558990,5315
639831,6601
3587586,6021
1939369,9321
10891776,2133
885492,9710
22186931,26888
36867,4823
2185627,7593
2259370,9609
12216379,21302
26339208,8310
2146618,3007
15022853,23159
10373719,4161
20122958,25129
4209990,9761
10054351,11353
3377681,4974
23152924,25830
34576417,4451
13443566,5051
1378871,6055
27723378,29418
16187734,4274
23452543,27971
23698060,27402
2759118,4166
13614370,22555
12111422,13455
636082,9409
10992917,26915
10485972,9261
5705899,5903
6116391,7480
1237330,6430
3977107,8339
2297054,29264
1548643,2755
2421299,6582
13088444,5422
10191999,28290
26625581,28528
21798315,25484
1088412,11178
7261194,9876
16720023,29599
17518810,4420
2194141,5426
4609157,5627
1120399,23137
2532012,5331
11420241,7892
18685754,26351
23310330,26614
4707538,9182
14187602,21583
21469942,25263
15417705,8577
3221009,3686
507659,9968
13022937,20860
2893905,5348
1187764,23164
2005144,9730
29166911,6321
3295273,3661
20904576,23144
1563901,27822
22796860,27154
14627782,23594
12388673,20783
19466351,27472
15761589,21060
16588819,25569
18440503,23102
12680363,23277
27851100,3312
1347682,6925
11206225,1988
1912979,5251
1323540,9722
11899289,27720
2280793,9513
18545255,25101
2750081,7395
2185741,7360
21508667,25318
1049273,3571
14228465,1878
2660430,6033
13853900,27491
10067647,6630
18298754,21110
16243840,20827
401175,4561
20099365,20925
39208421,4705
7464628,8555
17546122,6050
11089991,11120
16265278,4658
1994406,5251
10106329,1979
18321790,20740
11111228,21095
24450037,27669
11998027,27718
12386896,7569
13524434,23610
17472040,25000
13676137,24050
2690649,8887
14412930,26634
3790508,4685
23075917,7445
7009711,7540
1545347,20921
2534645,8653
3133554,5793
10424209,15385
1886625,6923
21453497,21680
1403174,7052
13059904,20873
1305083,22723
25533143,9860
19684249,4752
23014376,26596
13748548,8565
26119200,27210
16598347,23782
24563284,7175
10721721,22229
21100516,23266
28194619,4723
2708006,4233
22085222,9699
2919663,4313
3690488,4819
5840120,7190
2146410,3605
11144110,29814
12506618,4111
24460107,29910
13755719,7860
18386791,24915
1371102,3904
1796504,4692
28883335,29797
21065236,29371
17111076,22344
3811893,9752
22568210,25685
18501550,24035
1965591,24949
13808189,25443
4007349,6970
20217407,25538
6215983,7966
14645696,29127
2339335,4170
1507195,5821
24298013,5615
149592,6649
1031547,6399
1166903,1673
4118505,6379
2990105,8009
5964911,7089
5717750,9854
17670006,22186
23696905,6534
17771420,2957
10392052,7998
739711,9286
19090400,23658
24540320,27265
18940921,23215
4758627,9394
11771769,12763
2828541,3399
1192443,8380
27676909,8993
16003957,29371
12499393,20862
1353538,7836
12487839,9884
33591190,4238
1022623,14656
11993383,23934
2055888,2192
1697150,3484
15227234,7228
1268373,8422
3602849,5597
1423407,2674
17194529,2561
26361631,7046
4844804,7196
17987861,23551
10381896,6169
20655163,22345
18117422,2420
22156553,27592
8808606,9134
11200543,7225
2499375,27623
14917523,27976
1608752,4924
3952128,8652
442512,5738
52755,6336
1170193,22475
37999262,4983
1159576,12824
17699272,21591
10960549,3091
21752844,25813
23067300,26840
4994817,5631
2971850,7727
1577567,1932
102493,4628
14469520,23628
16235434,23303
1372417,15056
18126365,25279
2590565,5290
2448923,5056
16537925,22080
26143212,29993
23455230,27186
18585508,21909
14753188,22551
4067749,8583
2175370,8968
14646473,21831
3196230,3421
23057829,25789
3822868,5694
3726089,6458
11160900,20911
15146639,21127
2974603,4688
1566486,27996
19246675,23746
22801853,26369
2048195,8159
12947607,21828
14067014,27459
422516,8141
3896689,8572
637901,6996
1047196,9493
3152625,8810
1563742,16148
20281816,25518
10508566,13502
6065111,8802
2173736,7995
20157132,25989
2613214,3861
11172282,20751
19142192,2682
10004038,21229
23333844,25847
2167286,8234
17291373,23647
17788656,21230
22557848,6880
24881564,29286
2115180,22684
1759092,2223
22289232,26805
14705903,15686
39448132,5881
11300654,11786
2439581,9108
18131560,20777
23487408,25859
24525989,28484
12041160,8955
17143596,22964
2830511,8865
2052512,2875
11182376,15273
17674741,26184
2052535,8021
1307965,9651
454022,6074
21417175,24107
2040867,22028
16955304,5817
12564922,3217
2173741,7995
18889161,24980
2395503,24434
23969454,28147
1213864,21182
4278410,5296
14132920,25413
13744137,20959
2982597,8992
22601783,26724
41721218,4866
14713779,21426
18455886,21425
13053442,2948
11164988,13250
11978823,22533
1426564,2286
14936681,22439
12783943,26559
25616365,26727
11417394,27498
1040538,15953
15628590,9467
17540460,23520
1587371,2178
26417954,8745
159320,6653
2621254,9882
2803916,6739
17115665,25544
2149333,9936
215467,5095
8380815,8772
12370669,2133
19623896,21123
26086909,5058
19973153,27655
1898799,4908
1299675,15844
1548896,7068
14465777,23222
14602473,4621
1075401,3935
2307667,27072
19568884,23953
18091223,26467
12084691,27028
1463317,3465
25849752,7145
23991729,27328
1125766,16559
1634914,4474
67461,9719
1312733,13488
1215417,5995
24158498,9770
29181609,8957
17392118,23795
6351164,9304
1066808,7481
23065058,28502
289874,7236
1980010,24592
20486132,23704
11868881,22735
6748890,7739
1789064,5842
2249821,7246
2534816,6498
2384933,6316
2185544,7500
19555831,23977
3594227,5509
28586827,29550
2813258,7239
2257770,6290
2175391,8238
28936411,5332
2499375,9305
10305214,1666
1465827,2754
10314975,15191
18307957,21482
4257411,8670
2452764,7019
17609100,28569
4912279,9017
3191519,5108
10286517,27782
24385318,28178
21956321,25252
21306940,25193
2173746,3384
5721726,9279
1160923,21875
165155,9112
2929354,6710
18860348,23620
10742757,21793
17649225,21312
1184444,15847
1774708,1831
2439706,3064
1723091,6879
24013717,29046
18352158,27203
27461709,4088
12847059,13118
23839177,25411
2193947,4939
6356549,8934
11867704,23039
1564842,26740
18216663,7359
8233633,9658
1563133,29838
2034853,5737
19743533,25996
24874836,28966
2154706,4670
1566486,8765
106289,3983
12433622,3757
1896022,2305
15535847,20847
1169931,14292
16368219,16927
3843563,9867
29752115,9690
1916323,3167
4911649,5356
11876731,16325
11574260,20959
14410549,16270
24502256,26716
19958528,25202
10568733,4707
26158128,29036
1110338,13493
5371748,8088
1209446,5717
23666304,27245
6235184,7753
32182848,9428
13191813,2148
27463825,5055
11250920,5726
1620297,6959
10201090,2607
21409674,25294
25169786,9625
207132,7756
356690,3645
1884071,2347
1030025,13617
1222636,1842
22819347,29418
17224120,21038
6167671,9661
22044198,25479
2343798,26711
1082724,22804
18746747,20947
19609302,21174
25412420,2798
13514848,27311
17672739,7860
10321606,21232
1598260,2388
27851082,8906
10653382,29072
4030458,6823
30873388,7391
2472055,2998
1260430,16531
219731,3970
15307580,22323
2173746,5113
12433622,15413
1800277,8402
26564012,4514
1608545,16708
1739922,3411
2878737,7556
17752519,24380
5773034,6973
12887135,21592
11134447,2364
1474157,5557
19735893,25995
19440679,22695
2146496,8679
2261019,9301
3783094,8474
16168021,24376
1127169,7226
22612776,25286
3229577,8253
7378990,8050
26248401,28223
1185772,4505
1305143,29608
1157774,4912
23969658,27821
22010244,25161
24128785,26889
10920831,15255
20886057,25419
12766578,9743
19728515,24079
25264238,29289
2147038,7106
2277047,5901
17202182,22265
31970892,3556
10166889,22469
32051552,4955
3798815,5556
21897158,27556
28036278,29122
10492010,16314
2271634,8574
10942294,24164
24006447,8695
32289797,7643
5083558,9607
11819422,22565
27437376,29393
3788450,5517
22976443,6587
21401884,26263
17255501,27048
25698528,29675
21408750,25262
27905512,3599
13743493,15674
12094151,6869
1038007,1980
3726194,5069
1965591,7094
1818664,1863
1018704,13567
938757,9890
34036191,4713
2140666,8145
15342067,21220
14380634,2536
14410135,27397
1583184,1896
6515845,6844
1563901,2491
2110825,2861
21065236,25737
12374528,4209
661659,7540
10991365,15401
1739819,6363
11847908,9164
3459213,3544
1788885,4652
7735470,9102
1014007,10488
2093617,8822
1408687,7095
20103954,24218
15888626,26410
11502493,7349
23713872,25422
25256261,29321
28868086,3274
22770888,26401
1364696,8153
1788604,8822
1312213,7659
1932355,24167
1043974,8178
23977774,27845
23557153,26202
705327,8791
3296190,9459
2295079,23839
11974690,25050
102493,1662
18448023,23783
23179216,27006
40106135,9513
1328565,5741
2146451,2264
3144438,3354
2635152,28998
2757511,6311
37506957,6597
10767793,13679
12582012,21503
2082145,7910
1580726,7197
19104109,23498
2093344,4542
1674691,22072
22748917,27574
17929944,4028
10473598,5161
18221539,21093
2130485,6567
27314766,29430
2966234,4487
1261600,2190
4813388,8388
1300990,3989
18360025,6828
178883,7004
4067988,8598
4123170,5960
23333891,25334
9086170,9264
2123141,5441
14098106,22801
18917345,20968
16111059,25576
32915222,4539
1198322,5026
1969647,27569
31807496,8387
10422767,29073
24892153,3001
13028731,27056
16003957,25737
1663525,5721
19916311,9496
1663525,24789
1858192,21665
4378372,8035
17833534,21054
25636373,29587
17426641,5731
14386534,22931
169825,3909
1776844,7637
2175381,4776
40077017,4367
13154601,2702
1731682,8147
13422848,5311
2066288,6026
24781241,5244
24171880,9274
1678784,2744
20134656,8053
2431975,4822
140284,15346
2145972,4474
2843056,8898
7018163,8165
12641940,27002
1965412,22830
13011809,16388
1545385,9038
12641940,27004
39841248,8799
17612463,20819
3974847,5465
7551338,8550
12314381,8376
22529216,27022
17781677,22930
24493266,3186
1044218,13779
16682559,21175
12468247,23903
13578160,4071
11219507,26733
25378460,29413
12550841,21953
11541852,8668
1845583,3729
24003456,8092
1909778,28966
31865847,9816
12235779,20899
12892261,6838
240698,6125
23647632,5214
15321529,4204
17467074,21364
31324482,8248
2155389,4403
7006460,7999
1437668,22842
6001942,8941
2307710,5846
1893197,24668
3486205,8617
2848636,7540
12112205,13455
20764091,24485
6787432,8657
21569878,25117
16736534,24378
1661629,3732
1089040,11248
1004301,14462
12068322,3468
3625446,4201
1247019,15048