19975101,21034
12465881,27489
13371771,4796
1561576,6124
2093612,8822
2601262,8987
5630116,7549
1656816,3792
22725967,26376
2145644,21772
24040671,27879
39486666,4461
159943,4541
15109529,20858
30873608,6712
1138363,12254
20777908,26351
2175092,2653
10054001,16624
2526980,8197
10219900,4147
1833803,2842
16350187,20902
4337024,6961
2348476,7876
1086626,6145
3885576,8095
10368178,13762
1311212,6557
23230285,29869
14485966,21465
20712785,24827
14851632,27014
1523330,22190
2443153,7649
207262,21421
2176065,22467
2052373,2817
1247566,6413
7012175,9439
294312,5242
3012311,4888
23746049,26422
2660294,7288
4574235,7224
25246194,29476
1323387,8040
18148179,8476
2140666,26736
1189090,4745
17600971,21384
16625446,20941
4755327,5924
2442015,8873
4064898,7043
1548708,16436
16614340,7460
24789442,28045
869691,9502
2599346,4628
20885022,21061
1717800,25744
22105553,23677
6025234,7774
2013342,8907
1859657,5999
18158394,20727
1385430,2262
19614539,24166
19652670,22680
22331677,25791
2983994,6619
15177974,24825
1233412,4529
1502369,4614
2529613,4898
588619,7136
4041632,6909
2355418,23956
12746003,22046
2287481,2941
12453221,7523
4166203,6200
3934483,7013
17974780,21028
17775857,21451
18495552,21184
13599117,20973
2632144,8105
22284223,25586
12089920,25311
27122295,9982
3260011,8733
10248599,23001
18685754,22296
1354139,15573
2323086,5036
33952595,7334
100464,14425
21970352,25114
17705611,21631
18169786,24995
10168902,7885
2034957,21949
15321379,6962
20482536,24893
2487346,6426
1892272,9989
801404,8594
23901252,26649
13377746,27497
21544512,5304
1694635,9866
1422170,4410
19582513,20741
1696606,6338
17601372,20714
1562965,1690
5070585,7586
2041062,3744
3934472,7013
2045675,2088
26883244,28012
1342760,7353
2561631,3015
16729158,21624
21226029,21634
2974004,4548
22861694,25961
27462385,5142
20915011,25632
12776876,5992
10820702,6768
25266,8015
17753232,23596
2093324,9790
4933820,7975
32242633,4125
1895358,20982
18674337,22847
1453153,16330
2701886,29369
16288423,6202
11500785,25249
4044473,4770
14870454,2434
21251331,26789
4074781,8270
6211097,6455
1341689,15864
3771333,7615
3006007,9546
23508907,27723
748893,9051
10947703,8294
1563268,4274
11168349,21365
4263518,9533
5736069,7444
10286698,6134
1268487,6222
5245112,6221
19076840,5106
187267,5999
4415454,8195
17297576,20723
26188458,27937
15318145,5500
3312055,4434
477505,7110
422514,4518
25045848,29487
13848550,22657
21938498,25565
1783163,3247
25905316,6633
17622966,21632
1919393,25043
4304472,6639
362641,3724
1564963,22831
2149918,5405
440547,6782
16401301,21373
1179733,3570
15321981,22133
14605159,20887
18780010,22999
19412086,21044
14484754,3801
1137963,3841
16491941,20953
21413988,25250
16184692,22845
1093029,12457
1788990,3771
4404552,9745
10203333,26065
13393786,20986
7140266,7382
3110199,7916
15321385,3280
23709308,27199
1467395,1605
3322647,3692
2918560,6682
1232986,16547
2293827,7172
22132698,25657
18685741,21264
4754916,9920
4619262,7704
16528939,25128
21322817,25227
18604234,7960
2041006,2333
20915011,7759
153432,4660
327234,9037
18437962,21171
1756014,24986
10946845,5486
13362612,21120
8610564,9842
2242229,24793
12453960,7523
2967411,4680
33430,7694
590052,6421
18696458,8187
9106366,9298
18946810,23460
15131006,20950
1725488,7203
5275688,5775
22427201,24865
6261912,7950
12264737,22411
2076914,26504
13369421,20937
22353739,25814
1110048,15684
2146726,3757
1900748,5554
10608845,21395
1451004,1552
2157627,4511
11740250,26193
17444540,24075
15479709,3807
18835668,23987
17081459,24200
1184426,24798
20537032,24711
574166,7512
10699477,9100
1132936,2290
1168378,3093
31299023,3552
4641911,6164
27613503,27916
7330701,9709
24667588,29374
22726304,25572
13279062,2796
29222301,5581
12558743,7658
636644,8456
2233003,7634
1564411,3404
10200845,3738
6436744,9365
25933601,28333
206199,7852
27987861,8650
27665197,28536
3537030,6979
6767633,8459
12433622,20816
3135609,9203
1223840,2430
2249453,5653
11679041,12912
20270632,27066
11139384,20829
17642749,25313
19767689,5351
22996413,26656
39851534,7617
3539747,9592
1311805,6505
10168895,16507
653513,8067
22447397,26119
5298875,8232
13613,15660
2506858,29291
27470350,3593
21532624,23282
21115443,25040
18148179,3650
17380293,1747
2345580,3030
1191771,1442
25992413,29904
13804577,28415
2977349,3198
17092396,20831
30865892,5175
19347181,23319
1564417,8283
398631,8985
408101,9101
11825742,25862
10027208,6763
12851354,8406
11628542,1628
2580958,3955
13192136,3162
5051134,9658
3750697,5781
25156390,28135
1956255,4632
5861860,6836
14078057,20861
23450893,26465
2366609,6143
18733617,21649
15521944,23961
27665197,8145
19623896,29470
4041513,8177
1870044,6171
2220391,6126
22804895,27295
3887477,5266
1788603,8822
15837633,21768
3251816,3892
6231686,8352
14493034,28404
2204792,7787
26401249,27668
15364151,21255
13115980,13600
1671466,3193
7021780,7778
4427339,9851
213505,7822
52758,8825
19196440,21064
1514653,29418
12084691,21213
19668,2037
13526269,4422
15191891,23796
35228872,5834
25170509,9948
14385771,27102
23047483,26782
1018365,5899
4125397,9387
23923640,28442
2835709,5753
861670,8942
3331487,7157
3413479,8250
13342850,14147
15574839,22771
1107877,9364
20467890,22855
23916503,6252
11380820,2430
1972259,8720
11660654,22432
2411667,3391
1148045,15891
2294325,4036
2590398,2723
2079041,6540
3110559,6871
22461726,25733
3953721,8047
1318410,14178
22725457,26378
10761575,9911
3787693,6163
12235476,20951
18722763,9109
1189036,3142
15413176,21633
1530647,6633
4983775,5220
153420,8200
6690962,8703
5160400,6632
25786589,29753
20852177,23524
497525,7120
11474170,6137
21394399,22239
1204377,21958
5008340,9707
12360099,1700
12291107,20939
25888910,27501
1747573,9343
23048153,26801
17021043,25761
11010005,8476
17055878,22888
17718225,5280
21692140,25424
29152174,29490
11495977,24609
1563133,29599
34139535,7469
2724439,7007
100062,2931
3101963,3681
12623248,2685
22950123,26101
12187248,21004
17146998,20908
2999487,7450
1257892,9479
23410265,4310
1838125,8224
5937966,9972
25332287,29104
19700612,24101
1640271,7506
16602895,2881
3078437,4628
431119,8723
360793,9883
644006,6567
4670943,9095
1268445,21821
3090030,6233
20367728,24309
28192691,7214
30861525,6295
1322030,16121
1089349,4116
25658385,25690
19570308,23985
18553836,4368
17447188,24122
16150545,23593
4745362,5888
15283170,20966
1925514,6428
17601604,21140
19476761,23936
18268342,22720
3672652,9872
1445554,3864
36560133,7948
2146774,7474
3956260,5981
1310512,9418
305596,3594
12236301,9960
20116156,25912
2146414,6250
12068481,21712
22364201,5003
4965254,5958
10550623,13470
4811106,9263
20196924,24479
1563401,24789
1033500,14869
1995538,3479
21804414,24816
1401674,1823
25200450,29298
13331016,21163
7067676,8994
1563589,8655
20111312,25187
535949,5608
3433852,3650
20324939,24057
6391579,7440
706209,9441
24068322,27896
4728620,5869
14719403,20868
16125841,1870
26318515,28325
24232413,25637
1521610,2308
14356272,4589
14080780,21635
2848636,4551
12171158,4031
17883949,20746
2619358,5063
5090608,7060
2890862,3317
12279233,3980
1645778,7638
2385720,4772
13116957,26867
246953,5961
31351426,7290
11239006,21383
3002581,9987
4100920,7327
3745982,9938
1398478,15816
20482536,2926
24143415,24244
2370631,7813
15873474,21951
2080734,2951
10382326,6440
11010005,3650
3914977,5704
491663,7711
5230600,9922
17786658,24384
2380544,4970
24340086,27657
1899450,4001
4990759,9146
26914581,27698
440994,8284
17014402,22888
2080734,24384
3243519,3689
17786658,2951
18454982,21109
18459313,21119
11630141,29369
3247432,4389
11969411,16994
1038195,5368
10962069,21094
22034726,3364
2176065,22069
2373152,7804
431299,6132
1414613,3579
24156962,2898
1983042,7498
1179800,21810
11842298,1937
4240760,5944
4107691,4228
2616509,9458
15983948,29100
22697824,27711
2054324,5664
1351932,7212
23066512,26839
6517920,8502
13458092,22289
1788428,7284
320482,8851
2499375,6811
12100831,8726
1563227,2022
10905564,9235
1025819,26410
24361200,28141
17642793,22336
1472611,6467
1207920,16228
2692076,6816
20211577,21149
10275880,22688
4047143,6922
1115443,3731
23426016,4026
19043200,23846
20895088,25652
11455272,14098
10521949,15390
1692043,2523
1563401,5721
1196931,3153
21324574,25226
6040384,6594
1364681,2806
1326466,1484
23005253,26699
24194826,8458
1048232,9780
2173625,9497
2422910,5431
13673554,8632
1380605,7501
2908703,8142
32234960,3506
11139384,8825
18696364,27220
3051666,4017
19369663,9476
1742661,8894
2146729,3757
13361222,3346
2053056,2068
13351653,21447
25280226,29336
2916621,9966
22977901,26549
23467332,27139
4073991,8896
22191736,25662
23531280,4859
27548379,29238
2268510,8675
1769334,7468
2211109,3903
2140666,28536
10650082,4443
1202480,7708
18696364,27211
1261663,2632
10528705,3080
1937821,2497
3596751,4921
5284566,7087
20026683,22024
19703006,29343
15364151,22546
2140666,24198
2605370,8438
22150728,24102
17713642,25725
27467033,29620
1594795,7964
4068897,7749
3463652,8148
17720319,20954
2043233,9281
2309926,9677
1472525,6673
7167950,7385
2954629,9471
5241276,9480
1119794,16009
1440613,24322
10788462,13447
10244031,14865
26163147,29895
364952,5005
11801699,4830
3187538,3228
2711305,9896
23481596,4949
6906042,8584
25377334,29539
1663525,21383
36548872,3780
1125657,6246
1168378,9177
11438979,15326
1863248,7222
23087358,29063
633776,8121
2034146,3141
2668409,4979
12899801,21486
19695722,23661
1903884,5662
1277932,20763
16632623,20952
1213864,27219
10176505,1819
18148179,20832
1909510,3617
3030068,8205
3154351,7262
38835221,8564
10110872,7699
19241055,23791
1025523,6358
23067219,26835
11139384,2094
399409,7067
23116745,26799
19703155,22693
10469769,20820
355914,8292
17320171,20965
6780043,8950
27044718,29827
1171033,6390
1701231,9665
24672005,27769
23487170,27177
1048583,3563
1469841,3087
2487828,8806
1220173,15341
22118674,25651
1194874,2955
17271597,22968
1713059,6681
1049775,5129
17672739,26481
2613169,4050
1898799,9978
12676980,1679
700058,7547
1073568,11793
25415094,29445
4039865,9631
4759359,6696
15774601,20957
662987,7863
1486980,5346
147941,20974
5018335,5927
1118319,7701
1563298,8980
14385771,24514
3251075,7416
2474729,4616
11191409,13568
2079407,21620
10851465,27995
5354097,7811
106289,21595
3465468,5542
4942176,9185
11219773,3180
41275538,5105
15942740,7312
1332880,16620
3758981,9981
1715754,4535
19156642,20803
267616,8102
24825459,4274
12835484,20977
1562965,2697
2278201,6382
18930434,23461
1305298,15952
408407,8870
6007454,8304
1239060,8728
23047813,26786
1110158,15647
27905512,28528
14335419,1986
1339146,1581
1592884,3857
2827238,4583
1750123,23866
1924258,4035
2146430,8100
38143006,9987
14421816,26754
19336475,21824
2343984,4125
3101657,3109
3084764,3779
16986687,21121
15364151,20876
20457035,22207
22465524,24330
2173736,5113
3064467,8098
4382925,7914
2368926,9596
1167751,2336
2526129,6301
1564208,9292
1878246,8857
198435,21256
3351983,6614
1564842,9690
25533143,29073
22836033,5826
5599513,6499
1462714,3674
4044257,8018
19682369,24036
2830354,7792
16839972,21578
1120962,15108
15897295,2094
17754073,21016
4398267,5402
1494533,15092
16658751,22191
12552012,24015
12264737,22356
1645437,16716
3599265,9716
10488952,28172
1065205,7522
18136358,22912
12490934,29925
6020953,7540
29819312,4973
11834004,2561
3236551,5618
2145318,8306
11965708,1309
12554174,6885
430549,8721
6709119,9393
16724981,20905
22366161,22928
20777908,22296
24861894,26616
2424463,8125
12600412,21062
1822930,3799
27686808,9537
19736815,22011
2013135,8306
1936981,4423
2342260,26157
11907702,14465
308623,9868
5173675,8897
52753,8825
2008127,21192
252988,7438
2093335,7025
3875251,5372
2081640,9259
19466351,9146
455799,8759
2310661,4502
207262,9737
2342507,25678
1049037,1492
12291014,23579
14700190,25452
3214070,7164
6196840,6563
17485906,21039
27722348,3166
19014712,28444
2106669,9463
18711188,24768
14539401,15927
22953947,26611
16864582,27084
1711757,5856
615224,7909
1780174,21785
10345540,14458
2438588,3687
17928527,21320
2270972,7574
18496922,24394
4640881,5413
3671579,7033
193113,7851
21227347,25127
18597967,21761
6025230,7706
2277217,6278
16800229,20903
24708133,29051
9378946,9936
17008715,21240
22923539,26565
198433,3166
4016098,9374
26150212,29922
1143910,8099
2206019,24466
12783559,21548
30865720,3353
1099463,15172
27457377,29172
224662,9847
18620299,22361
1132660,2464
1301119,5122
3126114,3323
25106436,29719
21401884,25251
2334513,6476
4652348,4920
3020109,6346
23828092,24700
1569860,4798
24587072,28906
2345288,27438
1981052,3988
3658444,5239
2884502,4949
12499620,1272
1233412,6430
198997,7030
23219079,6353
4563042,4778
7442769,7582
399418,9306
1194882,8244
36800750,5112
20205448,7843
2413731,6913
1932355,21797
18096604,20747
1820218,6522
13710446,23623
16368150,26429
1788968,5875
18977680,23081
22689854,24397
2571284,8093
21802080,25513
10676873,8724
1583955,9316
1928788,4204
1549210,27230
2330484,8369
16489624,21401
11954746,25485
10147876,1143
2146590,2453
7154488,9085
10111390,21223
18469105,22803
3109529,7683
23496070,3238
16580374,3218
18985454,5985
29924238,3023
1196933,8890
15088766,3213
10270173,13714
1563159,21421
15243871,27930
1215692,9233
6875312,8011
52764,9971
19763336,26932
1092405,3165
1050479,1636
2146729,6597
4948861,9353
1008445,2520
27454149,29232
5976926,9123
16720023,29838
22687150,26181
11201320,4153
19631008,24017
23056928,26706
20984425,25755
393009,5811
22547675,25536
1728996,27668
3144438,7190
18169786,5881
13664649,24220
15897295,21463
1894570,5436
11376465,29980
1046187,4526
1135092,9985
12298602,23787
903751,9497
24133518,29997
2128404,9351
5571468,6483
1088639,14255
23311553,25042
938832,9418
1558456,15681
4744869,7527
1655773,9450
1370599,14827
25907924,29981
2955485,3988
17814523,6686
17216673,22981
198435,2930
5278587,8345
12686478,8261
19007879,3886
3887241,5125
12089920,20744
20217224,24458
2227726,9059
4667849,5614
12089920,20745
17019642,20896
19409134,7688
23065843,26841
22357213,23648
11496692,9191
16679769,27222
22681791,26702
1859486,21554
6451602,7620
21838352,24024
16082726,21348
4727177,7158
6218028,6948
3868589,6453
39650063,9017
1237330,4529
3342449,7908
28983699,8851
1025498,15353
52754,8825
1108924,7754
24238490,28028
3062890,7712
11659752,24858
1112669,6339
3122149,9766
25120453,28004
1353335,1699
4843795,5035
5221581,7108
10168917,8033
3067610,8152
25058194,25437
1251052,1503
23496466,26415
584465,5930
11326758,9084
3600964,9963
6888967,7298
18860345,23396
4217018,6976
15321385,6962
21833180,25508
4609500,8977
2346556,7088
26488378,27919
14925033,8469
1813146,9183
2530086,3209
21007835,24472
1916006,8451
2146551,8831
1301292,9157
26138867,28327
1882465,2719
34337639,7974
1443960,4493
17392118,21408
34013298,5755
13374608,27901
27470350,29715
4812496,5286
1440039,15553
1833226,6243
14249968,6057
12089920,1653
28262214,7880
1684551,6645
2538019,6555
4132856,7485
253870,6754
11150982,6282
464251,7274
15684835,23823
21776066,4795
613346,9594
1047218,6850
15511640,4969
20511800,21168
2409630,3769
3083735,4637
17771420,28623
2658871,3758
153407,3296
1305157,8660
22331142,25872
2040867,25863
15364151,24440
10873733,20739
25264537,27218
162176,22309
1790379,6936
29797329,9114
635947,7856
34487,4938
1180594,21995
16491537,20984
1120962,9497
10592729,23547
2635152,7447
16401301,4473
1663197,2139
1109483,15398
1708582,7652
4463718,9953
18447843,21098
1523330,1811
1395495,5765
12180470,16347
4536598,5454
1370248,14043
1667025,2319
2107806,21405
2555189,3515
6052547,7963
36330679,5783
23150608,27206
1303690,13560
1183212,16604
29647198,9540
12348006,21444
1892649,21625
14446200,2404
25771130,29745
1336098,2146
1915446,8117
1563401,21383
3793127,7940
10771513,5483
13136271,2762
11574260,13165
5300616,7743
2725809,6672
13644438,3504
1884585,6029
2946647,3482
156756,2235
13580563,20949
12747550,5902
11114988,21202
2248894,4948
17442064,21173
24117862,6783
2850313,6597
25405482,27816
4660100,8423
1949191,6823
12433622,6597
18655200,21350
21923549,25558
25777506,29748
22150812,25134
11139384,4793
1400006,4523
21088649,21604
3787882,7432
355907,5708
1694849,1761
19844262,22626
5405950,6503
19728513,24078
5168274,8849
2479102,8148
31011755,9737
24378483,27860
12866681,27113
2114841,22224
141869,7406
1523285,8370
147416,4522
27612329,29247
8219858,9496
1796472,8627
1912296,9422
25696562,27859
1165583,1555
23871551,9415
1623147,8006
3597615,7456
489000,8556
28948520,8594
1018155,15057
1466637,6406
17291373,8255
5574930,9555
36745625,4384
16972869,21559
2296045,2442
20104099,21847
11610617,6932
10130005,11678
18462375,21621
18457155,21144
2917810,3898
1396115,2727
3628734,9456
1061636,5576
1178237,9313
21432434,2917
21853205,6797
26150212,6632
1278478,2260
15832772,23676
1778986,8414
19883547,4828
11239006,24789
25380552,9631
1934406,2278
23149600,25721
25652739,29283
15066669,20980
21123793,29240
20198488,20777
14936592,21285
2957671,7763
4011951,4673
3597503,5782
22123430,24307
52756,6336
18340837,8453
3737115,9682
1615836,1859
7184835,8176
10322,10796
2294417,9704
18450311,21116
18935803,23529
4845356,9382
2409198,4612
12465881,26589
7203752,7900
2440860,9355
12144371,5636
1159582,16762
11380820,27734
6600435,9434
14090866,24416
2914746,5395
21784198,25614
153399,15738
25422198,29441
2241158,4619
2130485,21978
1903351,4725
1861796,9491
1564411,23023
1417501,6183
3610895,7180
21526340,24396
4656154,5643
2318758,6735
4463626,5040
27952391,7162
723646,8671
23553425,24864
17845576,20924
19763433,7317
11802273,4544
12090224,21876
2876310,4104
232766,7570
18366471,21113
19579961,23984
8009062,8017
23538389,28035
17028381,26048
27650969,29321
1859402,21380
12015310,22354
2903539,6394
7413990,8698
32014117,9327
11094538,13123
7020642,7077
1581045,3721
15448262,26498
10549835,1158
23551227,6939
18736289,23346
420471,4698
21133958,3075
25044467,25680
13379355,5228
20263386,6536
4022464,5219
11487701,25312
22717208,26556
14967386,5358
22346004,2457
6670029,7984
15963012,20960
19834313,7923
1716019,23398
23066137,26833
11664080,15035
3705159,9593
18352875,21723
20712785,8828
1025819,12558
5903104,8534
18696364,25238
1949191,22459
12770127,26417
504238,7565
4791520,7766
14013625,7302
10055555,9345
21285748,24856
1563648,4962
1015657,20738
1055898,15941
10476987,4750
1472525,26134
6074842,6584
4387081,8362
18023404,7979
253346,7681
15352397,26352
19570107,23983
20482536,21586
1144890,11683
1771997,7381
29248409,29405
11239006,5721
2342960,5336
26625581,3599
2531867,5080
1554253,7633
6200480,9026
1518609,15629
2232698,7634
11139384,21006
49615,7040
26310724,29474
26056755,7833
1663197,3845
1230982,14304
10316251,20994
19879390,24205
2841907,6734
24556978,29265
2061564,7386
24436509,28310
13372301,20743
11590877,21125
2903227,9160
1098784,16706
18037258,2105
23060942,26817
25815492,29751
868126,9736
408491,4719
17750246,20717
156252,7320
21500850,25521
1794330,9838
1305353,6196
4292278,7832
1488582,17004
11874025,21703
22328740,25444
27502225,29689
12298827,25325
1620025,5223
27057763,29823
20470587,23532
20574670,24739
10984512,9504
24060903,27917
5074387,8844
1240149,9137
1997775,4157
580856,5828
25884811,29744
18684953,5705
10536797,21616
17670519,7860
3652716,6328
1332879,6930
26010223,29233
2239345,23549
4732472,9526
1836389,7105
2910947,4609
2452771,8930
13927720,6657
12242943,20857
5064492,8845
1908784,27035
5177899,6052
15553435,22156
17738579,22562
745045,8239
20177414,27099
17486601,24282
5775139,7539
18469964,29935
452740,8778
23485562,24051
14477439,23612
10874372,6433
6319726,9706
11740906,4998
25595772,4385
1313021,6109
4067832,8285
2491305,3726
12674455,27903
4820507,8837
11834004,20961
26120110,29992
15873474,20848
2590179,3705
11396180,6083
2039969,2448
16985594,20762
2306146,27740
1563350,8193
21142071,25054
24177292,26807
133266,5333
17649209,20963
4563595,7190
1194591,7227
2057808,2936
1494288,15079
10536796,26356
1839324,7947
2362259,5288
4911830,6751
24306778,27573
575904,8384
14449719,21341
15897295,6336
37960557,8403
1973847,5326
2804960,3637
167723,4276
23160352,29439
11200542,9255
4962690,5208
16905712,24701
1426589,9419
15167275,5648
1241000,21183
153414,16889
3209882,5804
2046853,8258
3680792,5037
1073552,6539
2265814,9336
144231,8307
219324,7782
1204292,6927
17194529,20961
2205472,2253
16004790,20837
25833762,29596
8684736,8948
161487,9638
11157373,5885
15156806,24206
530187,6562
1057684,1220
23711061,27388
19762645,25999
23442440,4515
237478,8876
2321930,7777
1895055,23652
36469866,7758
410696,9589
22811081,26458
31158980,4801
13346116,21000
1518597,3093
1202498,7949
1561047,9775
18141355,20933
4333869,9789
31226241,3404
36732572,9596
16460026,9423
19624492,4174
12562265,4083
23126579,25423
1495607,8546
1187764,3627
2081952,8420
22793312,26436
5120083,8832
2855892,8966
20963041,25765
16872809,23354
4905353,9410
2276312,5716
2372049,2708
17431444,22154
18762968,21085
1563390,21516
12189373,16944
1438315,5857
23227809,26597
2053053,4384
12452112,24684
2505868,6711
421077,4319
2784525,3238
12514847,25983
26204806,27204
10422767,9860
30863624,9949
2334568,2601
3215234,9071
1913170,28966
10594936,7941
16675306,21029
1547323,9121
22992896,26657
17160380,23166
20023621,24362
25435963,3688
15521709,20930
20482536,3228
21591744,25358
22418742,25716
3898244,9881
3373612,4125
10079907,21398
6196315,9694
1047184,9011
24930989,26452
52753,6336
1040595,1523
1727565,4287
1559112,16253
21917772,29299
25804003,29485
13755719,26481
2148631,6139
10772117,6120
1564810,1850
11495977,20891
20759225,24667
1487820,15819
399790,8614
1083993,21646
2188911,4657
25095463,29990
1640471,3843
16271137,21400
15815435,21642
23016115,24544
1335967,21653
10891776,25636
1466151,4204
149593,6424
2383833,9988
2261019,23331
23164043,25649
1717037,1744
31291293,3552
12917247,20926
15506991,23217
7874395,8037
2031877,9822
2830354,5418
12090224,25311
153132,5864
24509720,28437
22612336,26097
188577,7919
18254161,3063
1287167,5571
18895338,23377
5729602,6675
2180039,4398
18950676,23478
2063451,5827
7067922,9733
24523459,28080
6205567,6355
10052048,20864
4826164,5308
357017,9058
5629700,8595
1239946,15926
1563339,3552
19569531,27410
2041331,6540
193050,2231
22355608,25787
676951,8822
1457735,3027
12221586,15596
1733479,8496
19214744,24617
22829586,26412
15271417,4569
52759,8985
23164043,25627
15321379,3280
20352679,4829
38346368,6028
1574804,5279
2474729,27390
23208251,25517
5069306,8985
4709457,5259
25986073,29186
1874857,21376
2953400,4996
1682727,21431
19854204,28416
18654909,22605
1932846,4216
1493786,9341
15247387,2533
12911902,6403
2458411,9003
2853608,7017
2842089,6940
15562959,2823
1309709,27070
4620053,5390
11246489,11311
1572492,9061
23397715,27725
24808141,9675
15980415,20797
15762013,21128
12212497,9967
22986478,26636
2479102,28840
24773220,27487
21389610,25246
2488039,5939
18521166,25031
10659591,1851
10927178,3267
4139504,5724
4813833,7954
1218906,13474
201704,9953
5790838,6800
23225193,25120
23063959,26729
25992553,26920
5884073,8183
17028381,28779
23016115,26770
2080734,24517
3448368,8865
10859342,13011
2180735,3345
1829841,28817
5072839,6049
12263193,15491
19403259,28810
1044137,15894
1559962,8786
11788800,22088
17786658,24517
20182484,24445
18418546,21115
23188613,25027
10378310,12296
22535673,26085
1102819,9376
2434405,4881
15723707,21776
5213169,9924
1466151,15402
23000489,26635
17179811,21080
1440613,8191
23928245,6266
16433782,21174
32990131,4509
1120962,13623
15778343,20817
1472754,8654
6158889,7437
5436114,9645
10137054,6544
1412244,2819
1830189,6648
2152889,4806
10175964,26608
2290316,2412
31871959,8408
20358425,24395
12892782,26007
1371136,16965
22849327,25888
2442699,4102
34970960,5356
10764860,3281
4935050,8976
3809465,9186
2952297,3735
11466765,6106
23045676,26008
12213931,21186
2820098,9909
2395503,9553
1424312,1975
27803265,28914
1149057,14351
957009,9898
11831788,14917
25365816,29405
1195854,7958
1563159,9737
12087435,24232
27205343,7808
14076759,22941
21710628,7201
2698996,6226
21322797,25225
1729657,2323
1551424,3171
4354969,8638
12090224,1653
14444747,6410
10147876,22009
2321189,4741
19688248,22044
1305143,3225
11832504,21924
11803507,25720
16138367,4459
10670576,21832
5083878,5881
25877639,29536
1181487,9993
6270508,9537
1773190,9522
13353016,20971
18528242,21247
3173356,7048
18384743,21105
18856437,23317
19403491,23747
20927705,24871
3565672,8945
15040467,21233
10165571,20940
2745891,5397
181264,4549
11149143,14722
2817344,8669
1159581,14381
35415479,5842
2546574,6978
3652088,4312
1065654,1113
1358162,7596
2213726,6807
1051629,15961
22850856,26476
15888290,21662
38706720,7968
351172,5474
1707772,6681
1512268,16242
10792367,12328
3760517,6273
3731321,7690
1645094,5587
13376770,29212
1932355,22096
22744280,24493
2558990,5315
639831,6601
15860807,20922
22999271,26694
2632107,9508
3587586,6021
10339530,15205
10891776,2133
18185334,20901
11630141,1622
885492,9710
36867,4823
2185627,7593
1207618,13217
20160826,26194
12216379,21302
2146618,3007
10373719,4161
20122958,25129
4209990,9761
10054351,11353
2985093,6380
12524283,2664
13443566,5051
3311983,7846
27723378,29418
16187734,4274
21188542,25158
23452543,27971
23698060,27402
26011444,4849
2759118,4166
26100698,29469
5058217,8330
1327381,6707
22100361,6044
5705899,5903
1237330,6430
6116391,7480
2297054,29264
1548643,2755
2421299,6582
15630941,21052
26625581,28528
7261194,9876
2377571,9049
16720023,29599
17021043,3276
2194141,5426
4609157,5627
33614654,8255
14841159,20836
10542764,6244
22400063,25843
1518597,9177
2186264,23341
18685754,26351
4707538,9182
19539395,22420
21469942,25263
15417705,8577
1401674,23502
3221009,3686
1789064,27715
507659,9968
13022937,20860
2893905,5348
1187764,23164
2005144,9730
3351618,6654
3295273,3661
4049217,6368
1563901,27822
14627782,23594
12388673,20783
18553968,5623
19466351,27472
2180059,3239
15761589,21060
16588819,25569
1912979,5251
1323540,9722
2942310,7513
18218227,3555
19569531,23965
2280793,9513
24770535,27956
19763378,24071
18545255,25101
2185741,7360
1916583,5498
21508667,25318
2034990,8697
24052355,25247
1223840,27734
1049273,3571
13853900,27491
10067647,6630
18298754,21110
1179614,12863
23752155,27944
16243840,20827
401175,4561
21088195,25066
20099365,20925
7464628,8555
17546122,6050
11089991,11120
600709,6596
10106329,1979
1994406,5251
2635321,9201
18321790,20740
11111228,21095
11998027,27718
3193622,7901
24029391,26428
3214647,7206
1881425,8736
25474440,27681
1906419,22373
13676137,24050
2275061,7552
1511042,23427
2690649,8887
3790508,4685
23075917,7445
1201462,6991
15655603,7430
1545347,20921
2534645,8653
17530769,20773
3133554,5793
1886625,6923
1403174,7052
13059904,20873
2146726,6597
26350269,5532
10419007,21222
11353966,2665
25533143,9860
1522499,4231
19684249,4752
23014376,26596
16872809,21507
13748548,8565
18369371,22347
11729300,24414
26119200,27210
10721721,22229
28194619,4723
2708006,4233
1466653,6249
1564842,20885
3690488,4819
21527716,26790
5840120,7190
2146410,3605
1557018,1880
22107086,26095
12506618,4111
21854180,29902
22493479,25933
24460107,29910
15719279,16979
13755719,7860
18386791,24915
1796504,4692
5522895,6515
746910,9473
12899801,27199
3811893,9752
22568210,25685
18501550,24035
15902874,21340
167579,4736
431194,7270
4007349,6970
6215983,7966
2339335,4170
3381065,9245
24604393,28321
1507195,5821
149592,6649
1031547,6399
1166903,1673
2990105,8009
5964911,7089
17771420,2957
4427390,4635
10392052,7998
13743493,21864
739711,9286
19614539,23198
19090400,23658
24540320,27265
1041909,8580
4758627,9394
12641940,6531
11771769,12763
2828541,3399
11931850,2143
1192443,8380
1353538,7836
12499393,20862
1047513,9969
2055888,2192
1759263,3367
1697150,3484
13521161,21210
3602849,5597
17194529,2561
4107784,6195
2261019,26156
13328434,22892
23067669,26869
4844804,7196
10381896,6169
3433852,8476
2146994,22302
24665310,29021
31942559,7528
24114614,25700
1569190,9219
21721098,25438
8808606,9134
11200543,7225
1608752,4924
52755,6336
442512,5738
5457272,6832
14833919,9135
1159576,12824
26209649,29220
14313924,20785
1216176,15900
17699272,21591
2462626,6107
10960549,3091
2313148,6765
23067300,26840
34016396,4488
21953808,29879
1584906,3049
2971850,7727
18529098,21336
1334169,4618
2129169,7779
1577567,1932
572647,5739
102493,4628
1372417,15056
2590565,5290
28415038,7645
2448923,5056
1684678,4394
23455230,27186
16537925,22080
2083963,2294
18585508,21909
1932355,3109
20423697,22200
1335182,5993
4067749,8583
1564632,8498
23972101,9994
12490934,13350
20112565,21993
2175370,8968
25415189,29284
10177214,22105
15160295,22423
3822868,5694
3726089,6458
11160900,20911
15146639,21127
1566486,27996
19246675,23746
17900910,7390
2048195,8159
34320862,8222
422516,8141
3896689,8572
637901,6996
3152625,8810
1047196,9493
1563742,16148
23414787,25119
1683635,1737
21770542,25673
20281816,25518
6065111,8802
20157132,25989
2449426,7732
2613214,3861
19142192,2682
10004038,21229
17291373,23647
3701546,5841
12333999,1426
17788656,21230
12511613,22085
36721702,9596
24881564,29286
12946299,21984
2115180,22684
1478484,16921
2850313,3757
12083378,21226
22649149,24145
22289232,26805
14705903,15686
67840,8884
11300654,11786
14917247,29418
20712011,24442
2053291,7427
14106327,26367
18131560,20777
24525989,28484
2830511,8865
11182376,15273
17674741,26184
2052535,8021
1307965,9651
12212004,14434
454022,6074
2040867,22028
16955304,5817
18889161,24980
2395503,24434
16759067,25156
1213864,21182
14132920,25413
13744137,20959
2982597,8992
24040808,27878
25779022,29483
30535836,7805
18455886,21425
5956143,6765
11164988,13250
10369797,8694
1426561,16670
14936681,22439
1426564,2286
12783943,26559
2343774,5570
27369562,29437
14182154,4276
1310512,1578
3429372,5792
15628590,9467
1587371,2178
26417954,8745
1063974,6900
2621254,9882
2149333,9936
3556765,4834
13892453,27672
11123595,16793
12370669,2133
19623896,21123
26086909,5058
26337508,27076
1299675,15844
1548896,7068
14602473,4621
1312718,13817
18091223,26467
12084691,27028
1463317,3465
23991729,27328
1634914,4474
67461,9719
25455603,5156
1312733,13488
1215417,5995
17354569,21495
23087659,26705
29181609,8957
52759,8825
17392118,23795
455203,8316
5079021,8573
30052987,6408
5318566,5511
1066808,7481
573076,5825
23065058,28502
289874,7236
15029468,9825
10584448,7604
16361229,21590
19981037,4049
10435859,5104
20486132,23704
18931880,23425
34693053,5266
1789064,5842
2249821,7246
23435302,9281
2534816,6498
2384933,6316
23715114,26850
19555831,23977
2410555,2644
22988883,23708
28586827,29550
3048744,7849
2813258,7239
2257770,6290
2175391,8238
28936411,5332
25216,3207
1908289,7508
4257411,8670
18307957,21482
2452764,7019
13383113,5580
4912279,9017
213502,2561
3191519,5108
25065898,29533
24385318,28178
2722292,7524
1788986,9237
21306940,25193
1106384,12354
5721726,9279
2739523,7951
306465,6608
19105412,27864
165155,9112
2929354,6710
18860348,23620
17649225,21312
10742757,21793
1774708,1831
1723091,6879
2439706,3064
18352158,27203
232638,8732
4935781,8626
1159595,2694
15199726,20889
27461709,4088
6630077,6718
1305143,20780
12847059,13118
11028525,6781
12126810,9228
18138079,24076
23839177,25411
17392118,7374
2193947,4939
24251120,27205
6356549,8934
11867704,23039
18216663,7359
1564842,26740
1941001,20718
8233633,9658
19484619,28974
1563133,29838
2034853,5737
24874836,28966
2154706,4670
22619752,26094
1566486,8765
106289,3983
12433622,3757
15535847,20847
1169931,14292
1661509,3667
2233745,2288
29752115,9690
4911649,5356
11574260,20959
14410549,16270
19981037,22692
411941,4198
1110338,13493
2098010,5652
19683560,21541
23069200,26848
5371748,8088
30864749,9843
24369847,29023
4294320,8169
1209446,5717
19755195,23986
1745270,4763
4370851,5306
6235184,7753
15132605,21733
11584336,16489
1620297,6959
11250920,5726
10554104,11806
10201090,2607
11280569,20927
21409674,25294
356690,3645
1884071,2347
1030025,13617
1222636,1842
22819347,29418
17224120,21038
10820666,16795
22044198,25479
2343798,26711
18746747,20947
2345830,9331
5527464,8647
19609302,21174
25412420,2798
17672739,7860
11403794,14989
1598260,2388
10938442,2296
27851082,8906
23076862,29044
4102945,8479
2379567,4003
4030458,6823
10653382,29072
30873388,7391
2472055,2998
219731,3970
2309579,8804
28877863,3343
12433622,15413
1459689,29418
1608545,16708
1657090,22184
12653246,5699
10840850,5033
17752519,24380
10320133,21178
26323596,8490
4995197,7883
4877668,5977
5773034,6973
1905716,6756
11134447,2364
12370669,25636
19440679,22695
13776276,20928
5308760,6846
28183884,3651
37122046,6115
3703268,7266
12089920,21876
2146496,8679
3783094,8474
22612776,25286
1127169,7226
3229577,8253
10764552,24381
22254234,25707
33327117,9590
7378990,8050
25802752,28138
18037258,23347
3097188,8571
1305143,29608
11283085,21358
5300595,5313
22010244,25161
24128785,26889
11473999,16151
10920831,15255
2147038,7106
2277047,5901
11749248,14458
1038195,28573
4415951,5682
10166889,22469
8257266,8412
15771161,25488
32051552,4955
26512287,29879
3798815,5556
21897158,27556
3510714,7190
1601960,2335
2846118,9060
10492010,16314
29191936,3409
24006447,8695
32289797,7643
18781202,23436
5083558,9607
3788450,5517
22976443,6587
11582611,9170
21401884,26263
49093,7887
17255501,27048
14335419,3550
13743493,15674
21408750,25262
27905512,3599
19863980,3912
12094151,6869
11444752,12110
3726194,5069
1965591,7094
1018704,13567
938757,9890
1157474,16194
34036191,4713
2140666,8145
31853726,8853
1300073,9527
5715830,6759
15982563,4590
14380634,2536
5571442,9088
14410135,27397
1583184,1896
24116601,2865
6515845,6844
1563901,2491
10314706,25353
19403259,9885
2590300,4508
2110825,2861
661659,7540
12374528,4209
2928682,7365
33531893,5428
23549969,27284
1299984,2571
23553145,25806
3459213,3544
11847908,9164
2336227,2570
18463246,20794
1788885,4652
2093617,8822
1014007,10488
436015,6949
1408687,7095
20103954,24218
4367866,6986
11502493,7349
15888626,26410
23713872,25422
1376847,16639
25256261,29321
25215,3874
11875997,13936
22770888,26401
1788604,8822
1364696,8153
1545317,4180
10763443,7670
2308519,9180
23900312,3971
1312213,7659
1932355,24167
15466868,24451
1043974,8178
23964910,25504
3296190,9459
705327,8791
25313098,9163
5471199,9115
2295079,23839
11974690,25050
18463246,26082
102493,1662
18448023,23783
23179216,27006
40106135,9513
1328565,5741
2146451,2264
3144438,3354
2635152,28998
2757511,6311
2040867,5266
2483919,4867
1580726,7197
3254114,7535
2163254,7790
12429599,16783
17021043,24940
1472525,22950
17929944,4028
10473598,5161
12090224,20745
12090224,20744
2130485,6567
19687958,23974
15142102,21685
18360054,7128
1261600,2190
4813388,8388
153418,4547
1300990,3989
178883,7004
4123170,5960
23333891,25334
2123141,5441
17670519,26481
14098106,22801
16111059,25576
18917345,20968
1969647,27569
1198322,5026
1683298,7982
10422767,29073
24892153,3001
1663525,5721
1565863,29486
27512382,29940
19916311,9496
1663525,24789
1858192,21665
5241174,7345
4378372,8035
1884585,26551
12928979,9729
2175381,4776
12899801,23516
13154601,2702
13422848,5311
2066288,6026
24171880,9274
10248599,21342
18717095,23254
2431975,4822
10927185,8271
140284,15346
2145972,4474
20023391,24747
11838865,7509
1033399,11038
2843056,8898
29633184,3285
12641940,27002
13011809,16388
2486333,7099
1545385,9038
12641940,27004
21953808,25442
17612463,20819
3974847,5465
8169424,9862
11010005,20832
12314381,8376
22529216,27022
5275105,7281
17781677,22930
16682559,21175
18516041,22287
25378460,29413
6941133,8753
52767,6336
1887268,23901
1275121,2297
1845583,3729
24003456,8092
31865847,9816
12235779,20899
18218227,28812
11872834,4237
10919507,1497
240698,6125
5740010,8935
2617646,2853
2155389,4403
7006460,7999
6001942,8941
2307710,5846
1444834,9669
2355952,5771
2848636,7540
6787432,8657
21569878,25117
16736534,24378
1661629,3732
1089040,11248
1247019,15048